date,1. open,2. high,3. low,4. close,5. volume
2023-03-03 18:45:00,129.8,129.8,129.8,129.8,377.0
2023-03-03 18:30:00,129.65,129.76,129.65,129.76,416.0
2023-03-03 17:15:00,129.65,129.65,129.65,129.65,800.0
2023-03-03 16:15:00,129.64,129.64,129.64,129.64,79188.0
2023-03-03 16:00:00,129.55,129.72,129.53,129.64,342038.0
2023-03-03 15:45:00,129.73,129.74,129.52,129.55,121234.0
2023-03-03 15:30:00,129.77,129.7986,129.69,129.74,60029.0
2023-03-03 15:15:00,129.71,129.905,129.65,129.77,71608.0
2023-03-03 15:00:00,129.63,129.71,129.59,129.71,46704.0
2023-03-03 14:45:00,129.62,129.66,129.56,129.63,54619.0
2023-03-03 14:30:00,129.52,129.61,129.415,129.61,67435.0
2023-03-03 14:15:00,129.4,129.53,129.315,129.53,42473.0
2023-03-03 14:00:00,129.42,129.48,129.39,129.4046,38609.0
2023-03-03 13:45:00,129.27,129.4583,129.14,129.44,54475.0
2023-03-03 13:30:00,129.6,129.61,129.2495,129.26,88376.0
2023-03-03 13:15:00,129.6424,129.75,129.61,129.62,41808.0
2023-03-03 13:00:00,129.515,129.65,129.49,129.63,38640.0
2023-03-03 12:45:00,129.55,129.59,129.47,129.515,37042.0
2023-03-03 12:30:00,129.5,129.6,129.3962,129.54,52120.0
2023-03-03 12:15:00,129.56,129.65,129.48,129.51,56689.0
2023-03-03 12:00:00,129.16,129.63,129.16,129.56,77446.0
2023-03-03 11:45:00,129.2205,129.32,129.1216,129.14,54058.0
2023-03-03 11:30:00,129.24,129.325,129.115,129.22,47735.0
2023-03-03 11:15:00,129.29,129.36,129.16,129.23,42040.0
2023-03-03 11:00:00,129.3,129.47,129.23,129.3,62905.0
2023-03-03 10:45:00,129.35,129.35,129.11,129.2869,67023.0
2023-03-03 10:30:00,129.13,129.33,129.07,129.33,56165.0
2023-03-03 10:15:00,129.26,129.32,128.77,129.1194,97267.0
2023-03-03 10:00:00,129.25,129.45,129.18,129.2201,86121.0
2023-03-03 09:45:00,129.35,129.46,129.11,129.28,119217.0
2023-03-03 09:15:00,129.3,129.3,129.3,129.3,226.0
2023-03-03 09:00:00,129.3,129.3,129.3,129.3,265.0
2023-03-03 08:30:00,129.15,129.15,129.15,129.15,100.0
2023-03-03 08:15:00,129.35,129.35,129.35,129.35,653.0
2023-03-03 07:30:00,129.28,129.28,129.28,129.28,132.0
2023-03-03 05:30:00,129.5,129.5,129.5,129.5,310.0
2023-03-02 18:30:00,128.94,128.94,128.94,128.94,100.0
2023-03-02 18:00:00,128.828,128.828,128.828,128.828,101.0
2023-03-02 16:15:00,128.93,128.93,128.93,128.93,104414.0
2023-03-02 16:00:00,129.0,129.06,128.74,128.94,494442.0
2023-03-02 15:45:00,128.87,129.22,128.83,129.01,133000.0
2023-03-02 15:30:00,128.71,128.91,128.6808,128.845,88487.0
2023-03-02 15:15:00,128.67,128.8,128.55,128.73,80588.0
2023-03-02 15:00:00,128.52,128.7008,128.51,128.68,58456.0
2023-03-02 14:45:00,128.72,128.77,128.52,128.53,84331.0
2023-03-02 14:30:00,128.55,128.745,128.5,128.72,56243.0
2023-03-02 14:15:00,128.51,128.8401,128.51,128.54,76922.0
2023-03-02 14:00:00,128.04,128.52,128.03,128.5,76927.0
2023-03-02 13:45:00,127.76,128.39,127.75,128.05,107823.0
2023-03-02 13:30:00,127.87,127.89,127.75,127.76,119397.0
2023-03-02 13:15:00,127.825,127.915,127.79,127.88,74444.0
2023-03-02 13:00:00,127.97,127.98,127.792,127.83,71139.0
2023-03-02 12:45:00,127.91,128.04,127.84,127.97,63195.0
2023-03-02 12:30:00,127.81,127.9,127.71,127.9,75932.0
2023-03-02 12:15:00,127.91,128.07,127.79,127.805,50178.0
2023-03-02 12:00:00,127.88,127.96,127.83,127.9,77204.0
2023-03-02 11:45:00,128.04,128.09,127.87,127.89,55754.0
2023-03-02 11:30:00,128.16,128.32,128.04,128.04,62870.0
2023-03-02 11:15:00,128.22,128.4,128.13,128.18,54665.0
2023-03-02 11:00:00,128.09,128.35,128.0,128.21,70818.0
2023-03-02 10:45:00,128.17,128.31,127.97,128.1,85265.0
2023-03-02 10:30:00,128.26,128.295,127.78,128.1618,64501.0
2023-03-02 10:15:00,127.815,128.3045,127.815,128.27,97860.0
2023-03-02 10:00:00,127.895,128.1,127.72,127.81,175910.0
2023-03-02 09:45:00,128.39,128.39,127.75,127.915,212260.0
2023-03-02 09:30:00,128.0,128.0,128.0,128.0,2676.0
2023-03-02 09:00:00,128.1,128.1,128.0,128.0,906.0
2023-03-02 08:30:00,128.0,128.0,128.0,128.0,235.0
2023-03-02 08:15:00,128.0,128.0,128.0,128.0,252.0
2023-03-01 20:00:00,128.58,128.58,128.58,128.58,100.0
2023-03-01 18:45:00,128.2,128.3,128.01,128.3,1763.0
2023-03-01 18:30:00,128.2,128.2,128.2,128.2,641.0
2023-03-01 18:15:00,128.19,128.19,128.19,128.19,3400.0
2023-03-01 17:15:00,128.4881,128.4881,128.4881,128.4881,100.0
2023-03-01 16:45:00,128.19,128.4795,128.19,128.4795,731.0
2023-03-01 16:30:00,128.1126,128.19,128.1126,128.19,1763.0
2023-03-01 16:15:00,128.19,128.19,128.0,128.19,111923.0
2023-03-01 16:00:00,128.36,128.45,128.13,128.21,343668.0
2023-03-01 15:45:00,128.09,128.39,128.03,128.355,170831.0
2023-03-01 15:30:00,128.235,128.295,128.07,128.1,83792.0
2023-03-01 15:15:00,127.99,128.28,127.96,128.235,87414.0
2023-03-01 15:00:00,128.09,128.1,127.9,128.0,106523.0
2023-03-01 14:45:00,127.93,128.12,127.87,128.11,103409.0
2023-03-01 14:30:00,128.08,128.08,127.9287,127.95,50236.0
2023-03-01 14:15:00,128.13,128.15,127.95,128.11,59988.0
2023-03-01 14:00:00,128.03,128.15,127.95,128.1246,35155.0
2023-03-01 13:45:00,128.16,128.16,128.0,128.01,48578.0
2023-03-01 13:30:00,128.21,128.23,128.07,128.15,55769.0
2023-03-01 13:15:00,128.25,128.26,128.12,128.21,48411.0
2023-03-01 13:00:00,128.43,128.49,128.2519,128.265,46233.0
2023-03-01 12:45:00,128.43,128.5,128.3392,128.4299,52556.0
2023-03-01 12:30:00,128.466,128.52,128.37,128.42,57178.0
2023-03-01 12:15:00,128.43,128.63,128.37,128.48,84558.0
2023-03-01 12:00:00,128.19,128.52,128.19,128.42,284956.0
2023-03-01 11:45:00,128.17,128.36,128.04,128.179,100024.0
2023-03-01 11:30:00,128.02,128.2427,127.74,128.19,150330.0
2023-03-01 11:15:00,128.47,128.47,127.94,128.025,247011.0
2023-03-01 11:00:00,128.53,128.65,128.4211,128.46,135971.0
2023-03-01 10:45:00,128.46,128.76,128.43,128.5124,184600.0
2023-03-01 10:30:00,128.67,128.68,128.43,128.47,200251.0
2023-03-01 10:15:00,129.24,129.31,128.625,128.6707,97144.0
2023-03-01 10:00:00,129.0064,129.4726,128.95,129.175,106663.0
2023-03-01 09:45:00,128.9,129.28,128.67,129.0,196382.0
2023-03-01 09:30:00,128.91,128.95,128.66,128.66,1735.0
2023-03-01 08:45:00,129.0,129.0,129.0,129.0,192.0
2023-03-01 08:30:00,129.2,129.2,129.2,129.2,358.0
2023-03-01 07:30:00,129.58,129.58,129.58,129.58,450.0
2023-03-01 06:45:00,129.32,129.32,129.32,129.32,396.0
2023-02-28 19:45:00,129.01,129.01,129.01,129.01,290.0
2023-02-28 18:45:00,129.18,129.18,129.18,129.18,449.0
2023-02-28 18:30:00,129.18,129.18,129.18,129.18,131.0
2023-02-28 17:30:00,129.3,129.3,129.3,129.3,453.0
2023-02-28 17:15:00,129.3,129.3,129.3,129.3,322.0
2023-02-28 16:45:00,129.29,129.29,128.98,129.05,1244.0
2023-02-28 16:30:00,129.3,129.3,129.29,129.3,3646.0
2023-02-28 16:15:00,129.3,129.3,129.3,129.3,798554.0
2023-02-28 16:00:00,129.43,129.75,129.25,129.25,579567.0
2023-02-28 15:45:00,129.5,129.5384,129.41,129.425,159143.0
2023-02-28 15:30:00,129.575,129.63,129.48,129.495,97184.0
2023-02-28 15:15:00,129.67,129.68,129.53,129.58,80292.0
2023-02-28 15:00:00,129.85,129.895,129.65,129.7,60834.0
2023-02-28 14:45:00,129.735,129.83,129.582,129.82,64695.0
2023-02-28 14:30:00,129.91,129.91,129.68,129.72,73041.0
2023-02-28 14:15:00,129.64,129.92,129.55,129.915,102240.0
2023-02-28 14:00:00,129.55,129.69,129.47,129.625,64103.0
2023-02-28 13:45:00,129.6,129.68,129.49,129.545,51117.0
2023-02-28 13:30:00,129.49,129.6117,129.39,129.595,60075.0
2023-02-28 13:15:00,129.58,129.62,129.5,129.5,115855.0
2023-02-28 13:00:00,129.38,129.63,129.38,129.58,80612.0
2023-02-28 12:45:00,129.455,129.5,129.3298,129.38,77366.0
2023-02-28 12:30:00,129.41,129.605,129.41,129.455,57042.0
2023-02-28 12:15:00,129.24,129.43,129.24,129.4,54717.0
2023-02-28 12:00:00,129.38,129.4,129.14,129.2312,70558.0
2023-02-28 11:45:00,129.68,129.695,129.37,129.4,74805.0
2023-02-28 11:30:00,129.7526,129.875,129.67,129.68,93893.0
2023-02-28 11:15:00,129.68,129.975,129.68,129.77,93444.0
2023-02-28 11:00:00,129.5298,129.68,129.39,129.68,102848.0
2023-02-28 10:45:00,129.49,129.65,129.38,129.53,126765.0
2023-02-28 10:30:00,129.59,129.72,129.4,129.49,133600.0
2023-02-28 10:15:00,130.035,130.2036,129.47,129.61,124793.0
2023-02-28 10:00:00,129.9987,130.29,129.9987,130.029,116486.0
2023-02-28 09:45:00,130.55,130.61,129.52,130.0,193488.0
2023-02-28 05:45:00,130.49,130.49,130.49,130.49,218.0
2023-02-27 18:15:00,130.6399,130.64,130.6399,130.64,620.0
2023-02-27 18:00:00,130.6375,130.6399,130.6375,130.6399,623.0
2023-02-27 16:15:00,130.49,130.49,130.49,130.49,77834.0
2023-02-27 16:00:00,130.36,130.53,130.33,130.5,276170.0
2023-02-27 15:45:00,130.44,130.44,130.13,130.36,124036.0
2023-02-27 15:30:00,130.495,130.505,130.325,130.44,101145.0
2023-02-27 15:15:00,130.55,130.62,130.38,130.49,101044.0
2023-02-27 15:00:00,130.73,130.76,130.5601,130.57,74156.0
2023-02-27 14:45:00,130.99,131.1,130.69,130.73,98507.0
2023-02-27 14:30:00,131.25,131.25,130.93,130.99,71737.0
2023-02-27 14:15:00,131.305,131.37,131.21,131.27,42409.0
2023-02-27 14:00:00,131.28,131.37,131.185,131.29,60794.0
2023-02-27 13:45:00,131.3,131.39,131.24,131.29,56408.0
2023-02-27 13:30:00,131.3,131.33,131.22,131.31,56024.0
2023-02-27 13:15:00,131.11,131.3,131.05,131.3,42915.0
2023-02-27 13:00:00,130.829,131.13,130.825,131.1,71164.0
2023-02-27 12:45:00,130.65,130.86,130.65,130.81,71096.0
2023-02-27 12:30:00,130.68,130.735,130.54,130.67,71509.0
2023-02-27 12:15:00,130.79,130.81,130.62,130.69,94208.0
2023-02-27 12:00:00,130.775,130.93,130.76,130.78,76003.0
2023-02-27 11:45:00,130.63,130.81,130.43,130.78,80247.0
2023-02-27 11:30:00,130.77,130.81,130.59,130.64,61112.0
2023-02-27 11:15:00,131.09,131.13,130.75,130.77,63429.0
2023-02-27 11:00:00,131.2961,131.2961,130.91,131.08,65453.0
2023-02-27 10:45:00,131.695,131.7,131.13,131.28,143533.0
2023-02-27 10:30:00,131.73,131.87,131.66,131.6882,71978.0
2023-02-27 10:15:00,131.61,131.81,131.53,131.7,74443.0
2023-02-27 10:00:00,131.26,131.675,131.1271,131.58,92658.0
2023-02-27 09:45:00,131.42,131.478,131.055,131.27,189747.0
2023-02-27 09:30:00,131.01,131.01,131.01,131.01,330.0
2023-02-27 09:15:00,131.38,131.38,131.38,131.38,593.0
2023-02-27 07:15:00,130.91,130.91,130.91,130.91,228.0
2023-02-24 18:00:00,130.36,130.36,130.36,130.36,200.0
2023-02-24 17:00:00,130.6083,130.6083,130.6083,130.6083,100.0
2023-02-24 16:45:00,130.57,130.57,130.57,130.57,4126.0
2023-02-24 16:15:00,130.57,130.57,130.57,130.57,82185.0
2023-02-24 16:00:00,130.3,130.57,130.065,130.54,361836.0
2023-02-24 15:45:00,130.54,130.54,130.09,130.3,118060.0
2023-02-24 15:30:00,130.385,130.66,130.35,130.54,108881.0
2023-02-24 15:15:00,130.45,130.67,130.3766,130.3766,94600.0
2023-02-24 15:00:00,130.12,130.52,130.0824,130.43,62815.0
2023-02-24 14:45:00,130.28,130.282,130.1,130.12,53087.0
2023-02-24 14:30:00,130.3,130.405,130.23,130.29,47958.0
2023-02-24 14:15:00,130.27,130.35,130.21,130.29,46602.0
2023-02-24 14:00:00,130.0034,130.28,129.9727,130.26,52077.0
2023-02-24 13:45:00,129.97,130.03,129.8579,130.0,46710.0
2023-02-24 13:30:00,129.86,130.151,129.86,129.98,77121.0
2023-02-24 13:15:00,130.05,130.115,129.76,129.85,82266.0
2023-02-24 13:00:00,129.99,130.08,129.9701,130.07,68589.0
2023-02-24 12:45:00,129.965,130.03,129.88,130.0,48725.0
2023-02-24 12:30:00,129.99,130.03,129.83,129.97,73890.0
2023-02-24 12:15:00,130.04,130.075,129.9,129.95,63315.0
2023-02-24 12:00:00,130.02,130.41,129.9801,130.04,71901.0
2023-02-24 11:45:00,129.875,130.02,129.69,129.99,75830.0
2023-02-24 11:30:00,129.8,129.95,129.75,129.86,68449.0
2023-02-24 11:15:00,129.61,129.8699,129.6,129.8,63343.0
2023-02-24 11:00:00,129.62,129.71,129.46,129.61,80230.0
2023-02-24 10:45:00,129.565,129.69,129.39,129.6036,81963.0
2023-02-24 10:30:00,129.95,129.965,129.5,129.5825,105048.0
2023-02-24 10:15:00,129.77,130.03,129.7,129.9226,162474.0
2023-02-24 10:00:00,129.81,130.08,129.67,129.8,142297.0
2023-02-24 09:45:00,129.62,130.02,129.22,129.81,199470.0
2023-02-24 09:30:00,129.82,129.89,129.82,129.89,1263.0
2023-02-24 09:15:00,129.7,129.83,129.7,129.83,314.0
2023-02-24 09:00:00,129.6,129.6,129.6,129.6,162.0
2023-02-24 08:45:00,129.12,129.7,129.12,129.7,978.0
2023-02-24 08:30:00,130.5,130.5,130.4,130.4,675.0
2023-02-23 19:30:00,130.75,130.75,130.5,130.5,410.0
2023-02-23 19:00:00,130.5,130.5,130.5,130.5,160.0
2023-02-23 17:00:00,130.5,130.5,130.5,130.5,1001.0
2023-02-23 16:15:00,130.79,130.79,130.79,130.79,67798.0
2023-02-23 16:00:00,130.92,130.98,130.71,130.8,313072.0
2023-02-23 15:45:00,130.99,131.0,130.845,130.92,128571.0
2023-02-23 15:30:00,131.005,131.05,130.875,130.97,130578.0
2023-02-23 15:15:00,130.61,131.015,130.6,130.99,123363.0
2023-02-23 15:00:00,130.48,130.665,130.45,130.6,122320.0
2023-02-23 14:45:00,130.29,130.48,130.26,130.47,52882.0
2023-02-23 14:30:00,129.9,130.33,129.9,130.2805,82149.0
2023-02-23 14:15:00,129.67,129.89,129.59,129.86,56651.0
2023-02-23 14:00:00,129.56,129.8,129.5,129.65,65348.0
2023-02-23 13:45:00,129.57,129.63,129.478,129.52,75107.0
2023-02-23 13:30:00,129.5,129.725,129.5,129.57,72310.0
2023-02-23 13:15:00,129.47,129.6562,129.415,129.5,110140.0
2023-02-23 13:00:00,129.48,129.54,129.23,129.46,70331.0
2023-02-23 12:45:00,129.09,129.56,129.09,129.48,140075.0
2023-02-23 12:30:00,129.11,129.26,128.95,129.09,208373.0
2023-02-23 12:15:00,129.31,129.39,128.86,129.1,164874.0
2023-02-23 12:00:00,129.625,129.69,129.29,129.3,140211.0
2023-02-23 11:45:00,129.705,129.83,129.58,129.65,101038.0
2023-02-23 11:30:00,130.1,130.12,129.69,129.72,89985.0
2023-02-23 11:15:00,130.2,130.34,130.03,130.095,97981.0
2023-02-23 11:00:00,130.22,130.4051,129.88,130.16,279558.0
2023-02-23 10:45:00,130.6,130.64,130.2332,130.2332,132769.0
2023-02-23 10:30:00,130.815,130.97,130.58,130.58,96870.0
2023-02-23 10:15:00,131.35,131.405,130.77,130.84,100034.0
2023-02-23 10:00:00,131.0,131.38,131.0,131.35,137037.0
2023-02-23 09:45:00,131.5,131.7,130.87,130.99,194304.0
2023-02-23 09:30:00,131.47,131.83,131.47,131.83,2061.0
2023-02-23 09:15:00,131.36,131.37,131.36,131.36,750.0
2023-02-23 09:00:00,131.2,131.25,131.2,131.25,2586.0
2023-02-23 08:45:00,131.25,131.25,131.13,131.13,865.0
2023-02-23 08:15:00,131.13,131.13,131.13,131.13,326.0
2023-02-22 19:30:00,131.2,131.2,131.2,131.2,100.0
2023-02-22 18:30:00,131.2,131.2,131.2,131.2,100.0
2023-02-22 17:15:00,131.0,131.0,130.9,130.97,864.0
2023-02-22 17:00:00,130.97,130.9715,130.97,130.97,1848.0
2023-02-22 16:45:00,131.23,131.23,131.23,131.23,831.0
2023-02-22 16:15:00,130.97,131.0,130.97,131.0,59164.0
2023-02-22 16:00:00,130.47,131.0,130.465,131.0,393362.0
2023-02-22 15:45:00,130.44,130.55,130.29,130.5,142304.0
2023-02-22 15:30:00,130.37,130.67,130.33,130.44,119688.0
2023-02-22 15:15:00,130.54,130.61,130.3156,130.36,100168.0
2023-02-22 15:00:00,130.57,130.83,130.47,130.5321,136637.0
2023-02-22 14:45:00,130.865,130.91,130.45,130.58,113274.0
2023-02-22 14:30:00,131.01,131.27,130.83,130.89,60901.0
2023-02-22 14:15:00,131.08,131.3,130.85,131.035,123887.0
2023-02-22 14:00:00,131.1923,131.21,130.9601,131.04,65734.0
2023-02-22 13:45:00,131.31,131.31,131.07,131.195,45154.0
2023-02-22 13:30:00,131.21,131.328,131.1901,131.29,41419.0
2023-02-22 13:15:00,131.06,131.29,131.01,131.22,63608.0
2023-02-22 13:00:00,131.08,131.12,130.95,131.07,69591.0
2023-02-22 12:45:00,131.0,131.12,130.98,131.0633,60114.0
2023-02-22 12:30:00,130.87,131.15,130.87,131.0,69247.0
2023-02-22 12:15:00,130.935,130.96,130.81,130.865,52393.0
2023-02-22 12:00:00,131.2065,131.22,130.8,130.93,72560.0
2023-02-22 11:45:00,131.18,131.365,131.13,131.19,70683.0
2023-02-22 11:30:00,131.16,131.225,130.97,131.16,69886.0
2023-02-22 11:15:00,131.2,131.3,131.0702,131.17,76514.0
2023-02-22 11:00:00,130.75,131.41,130.73,131.185,104591.0
2023-02-22 10:45:00,131.19,131.21,130.76,130.76,106115.0
2023-02-22 10:30:00,131.16,131.4798,131.04,131.22,91382.0
2023-02-22 10:15:00,131.56,131.6727,131.17,131.17,88109.0
2023-02-22 10:00:00,131.52,131.63,131.22,131.5734,99201.0
2023-02-22 09:45:00,131.9,131.99,131.325,131.52,188331.0
2023-02-22 09:00:00,131.9065,131.9065,131.9,131.9,400.0
2023-02-22 08:15:00,131.8001,131.85,131.8001,131.8275,456.0
2023-02-22 07:30:00,131.8,131.8,131.8,131.8,152.0
2023-02-22 04:45:00,131.88,131.88,131.88,131.88,380.0
2023-02-21 20:00:00,131.89,131.89,131.89,131.89,150.0
2023-02-21 19:15:00,131.71,131.71,131.71,131.71,102.0
2023-02-21 18:15:00,131.72,131.72,131.7,131.7,2000.0
2023-02-21 17:30:00,131.71,131.71,131.71,131.71,2790.0
2023-02-21 17:15:00,131.91,131.91,131.91,131.91,113.0
2023-02-21 16:15:00,131.71,131.71,131.71,131.71,157270.0
2023-02-21 16:00:00,131.85,131.945,131.66,131.72,462410.0
2023-02-21 15:45:00,131.85,131.9233,131.7338,131.84,138236.0
2023-02-21 15:30:00,131.78,131.955,131.78,131.84,91773.0
2023-02-21 15:15:00,132.0,132.09,131.765,131.78,92428.0
2023-02-21 15:00:00,132.02,132.08,131.89,132.0,79285.0
2023-02-21 14:45:00,131.93,132.05,131.8,132.0081,127799.0
2023-02-21 14:30:00,131.725,131.94,131.7,131.94,62285.0
2023-02-21 14:15:00,131.82,131.87,131.665,131.73,58120.0
2023-02-21 14:00:00,131.92,132.03,131.76,131.82,77515.0
2023-02-21 13:45:00,132.25,132.255,131.8922,131.92,114507.0
2023-02-21 13:30:00,132.36,132.4016,132.17,132.232,59132.0
2023-02-21 13:15:00,132.3257,132.4,132.29,132.36,42885.0
2023-02-21 13:00:00,132.31,132.3799,132.22,132.3129,53313.0
2023-02-21 12:45:00,132.32,132.47,132.27,132.325,70850.0
2023-02-21 12:30:00,132.33,132.3909,132.2602,132.3183,61391.0
2023-02-21 12:15:00,132.35,132.465,132.18,132.33,58297.0
2023-02-21 12:00:00,132.41,132.565,132.285,132.3647,112292.0
2023-02-21 11:45:00,132.345,132.545,132.315,132.4,101557.0
2023-02-21 11:30:00,132.55,132.6801,132.32,132.35,97270.0
2023-02-21 11:15:00,132.71,132.8103,132.425,132.54,116270.0
2023-02-21 11:00:00,133.02,133.03,132.53,132.72,162327.0
2023-02-21 10:45:00,133.0,133.19,132.79,133.03,153447.0
2023-02-21 10:30:00,132.35,133.01,132.35,133.0,212732.0
2023-02-21 10:15:00,132.95,133.11,132.36,132.365,314962.0
2023-02-21 10:00:00,134.02,134.05,132.92,132.95,257478.0
2023-02-21 09:45:00,134.0,134.385,133.8,134.02,280889.0
2023-02-21 09:30:00,133.82,133.82,133.8,133.8,1277.0
2023-02-21 09:15:00,134.4359,134.4359,134.4359,134.4359,101.0
2023-02-21 08:45:00,134.5299,134.5299,134.5299,134.5299,100.0
2023-02-21 08:15:00,134.5,134.5,134.5,134.5,544.0
2023-02-17 19:45:00,134.71,134.71,134.71,134.71,396.0
2023-02-17 18:45:00,135.02,135.02,135.02,135.02,499.0
2023-02-17 17:15:00,135.03,135.03,135.02,135.02,1515.0
2023-02-17 16:45:00,135.02,135.02,135.02,135.02,1155.0
2023-02-17 16:15:00,135.02,135.48,135.02,135.02,202210.0
2023-02-17 16:00:00,134.95,135.12,134.805,135.03,455587.0
2023-02-17 15:45:00,134.78,135.05,134.75,134.95,166394.0
2023-02-17 15:30:00,134.85,134.92,134.74,134.8,104994.0
2023-02-17 15:15:00,134.98,135.05,134.83,134.85,92670.0
2023-02-17 15:00:00,135.075,135.15,134.93,134.98,82742.0
2023-02-17 14:45:00,134.93,135.13,134.93,135.09,116261.0
2023-02-17 14:30:00,134.85,135.09,134.81,134.925,68697.0
2023-02-17 14:15:00,134.74,134.97,134.74,134.84,112005.0
2023-02-17 14:00:00,134.5919,134.74,134.5469,134.74,90664.0
2023-02-17 13:45:00,134.5,134.6288,134.4227,134.61,67550.0
2023-02-17 13:30:00,134.67,134.77,134.42,134.495,47675.0
2023-02-17 13:15:00,134.54,134.68,134.46,134.66,58209.0
2023-02-17 13:00:00,134.69,134.74,134.46,134.53,45915.0
2023-02-17 12:45:00,134.93,134.935,134.66,134.68,44145.0
2023-02-17 12:30:00,134.96,135.02,134.85,134.94,62477.0
2023-02-17 12:15:00,134.87,134.99,134.84,134.95,67891.0
2023-02-17 12:00:00,134.89,134.95,134.815,134.87,57991.0
2023-02-17 11:45:00,134.795,134.89,134.68,134.88,86373.0
2023-02-17 11:30:00,134.79,134.86,134.66,134.7913,77982.0
2023-02-17 11:15:00,135.035,135.05,134.6659,134.78,88571.0
2023-02-17 11:00:00,134.9667,135.065,134.87,135.06,61617.0
2023-02-17 10:45:00,135.01,135.58,134.8986,134.9763,154477.0
2023-02-17 10:30:00,135.02,135.25,134.91,135.02,174223.0
2023-02-17 10:15:00,134.45,135.045,134.41,135.02,61513.0
2023-02-17 10:00:00,134.64,134.72,134.38,134.45,92849.0
2023-02-17 09:45:00,134.5,134.79,133.89,134.68,245765.0
2023-02-17 09:00:00,134.79,134.79,134.79,134.79,859.0
2023-02-17 08:30:00,134.79,134.79,134.79,134.79,125.0
2023-02-17 07:15:00,134.48,134.5,134.48,134.5,250.0
2023-02-17 06:00:00,134.49,134.49,134.49,134.49,302.0
2023-02-17 05:30:00,134.35,134.35,134.35,134.35,294.0
2023-02-17 04:45:00,134.2,134.2,134.2,134.2,100.0
2023-02-17 04:30:00,134.06,134.06,134.06,134.06,187.0
2023-02-17 04:15:00,134.2,134.24,134.11,134.2,1617.0
2023-02-16 19:30:00,134.75,134.75,134.75,134.75,166.0
2023-02-16 17:30:00,134.85,134.85,134.85,134.85,273.0
2023-02-16 17:15:00,134.93,134.93,134.93,134.93,116.0
2023-02-16 17:00:00,134.9399,134.9399,134.9399,134.9399,200.0
2023-02-16 16:45:00,134.82,134.82,134.8,134.8,639.0
2023-02-16 16:15:00,135.0,135.0,135.0,135.0,81160.0
2023-02-16 16:00:00,135.14,135.17,134.91,134.97,289334.0
2023-02-16 15:45:00,135.36,135.38,134.885,135.12,138682.0
2023-02-16 15:30:00,135.68,135.7,135.35,135.36,73659.0
2023-02-16 15:15:00,135.9,135.93,135.565,135.68,92763.0
2023-02-16 15:00:00,135.85,135.9672,135.84,135.8957,37749.0
2023-02-16 14:45:00,135.845,135.91,135.76,135.85,73069.0
2023-02-16 14:30:00,135.785,135.92,135.66,135.8746,81350.0
2023-02-16 14:15:00,135.651,135.835,135.651,135.8,62611.0
2023-02-16 14:00:00,135.71,135.74,135.59,135.66,34473.0
2023-02-16 13:45:00,135.62,135.71,135.5,135.69,44492.0
2023-02-16 13:30:00,135.66,135.725,135.55,135.5802,50348.0
2023-02-16 13:15:00,135.65,135.82,135.57,135.665,48953.0
2023-02-16 13:00:00,135.57,135.7,135.51,135.63,49981.0
2023-02-16 12:45:00,135.4,135.56,135.36,135.56,38048.0
2023-02-16 12:30:00,135.35,135.56,135.22,135.41,56559.0
2023-02-16 12:15:00,135.22,135.4,135.162,135.3307,49824.0
2023-02-16 12:00:00,135.26,135.44,135.21,135.23,67892.0
2023-02-16 11:45:00,135.25,135.4,135.17,135.24,62569.0
2023-02-16 11:30:00,135.06,135.24,135.03,135.23,64755.0
2023-02-16 11:15:00,135.085,135.175,134.952,135.0565,48291.0
2023-02-16 11:00:00,135.05,135.22,134.99,135.06,71953.0
2023-02-16 10:45:00,134.91,135.2,134.91,135.04,107011.0
2023-02-16 10:30:00,134.85,134.95,134.67,134.95,132684.0
2023-02-16 10:15:00,134.89,134.9497,134.59,134.83,117352.0
2023-02-16 10:00:00,135.04,135.115,134.725,134.89,106529.0
2023-02-16 09:45:00,135.57,135.65,134.92,135.09,186385.0
2023-02-16 09:30:00,135.22,135.7,135.22,135.7,1289.0
2023-02-16 09:15:00,135.3189,135.7,135.3189,135.7,3549.0
2023-02-16 09:00:00,135.5,135.5,135.5,135.5,694.0
2023-02-16 08:15:00,136.32,136.32,136.08,136.08,320.0
2023-02-16 07:30:00,136.32,136.32,136.32,136.32,100.0
2023-02-16 07:15:00,136.38,136.4,136.38,136.4,268.0
2023-02-15 19:45:00,136.2,136.2,136.2,136.2,134.0
2023-02-15 17:15:00,136.3,136.3,136.3,136.3,307.0
2023-02-15 16:30:00,136.4,136.8973,136.4,136.4,1840.0
2023-02-15 16:15:00,136.4,136.4,136.4,136.4,52704.0
2023-02-15 16:00:00,136.055,136.445,136.028,136.4,317423.0
2023-02-15 15:45:00,135.955,136.0508,135.94,136.04,89081.0
2023-02-15 15:30:00,135.96,136.02,135.86,135.95,84909.0
2023-02-15 15:15:00,135.75,135.96,135.75,135.95,57300.0
2023-02-15 15:00:00,135.9,135.93,135.68,135.75,67700.0
2023-02-15 14:45:00,135.8187,135.9,135.8,135.89,63316.0
2023-02-15 14:30:00,135.93,135.95,135.74,135.82,50656.0
2023-02-15 14:15:00,135.86,135.94,135.76,135.935,59780.0
2023-02-15 14:00:00,135.5519,135.87,135.5519,135.83,50629.0
2023-02-15 13:45:00,135.535,135.61,135.46,135.5419,54683.0
2023-02-15 13:30:00,135.57,135.62,135.47,135.53,46132.0
2023-02-15 13:15:00,135.45,135.67,135.4366,135.57,45337.0
2023-02-15 13:00:00,135.46,135.55,135.411,135.42,56670.0
2023-02-15 12:45:00,135.17,135.47,135.15,135.47,94946.0
2023-02-15 12:30:00,135.26,135.32,135.13,135.17,97297.0
2023-02-15 12:15:00,135.61,135.6644,135.24,135.28,94090.0
2023-02-15 12:00:00,135.73,135.81,135.605,135.61,43993.0
2023-02-15 11:45:00,135.75,135.78,135.64,135.715,61786.0
2023-02-15 11:30:00,135.72,135.78,135.62,135.74,33063.0
2023-02-15 11:15:00,135.58,135.87,135.55,135.715,45147.0
2023-02-15 11:00:00,135.55,135.75,135.55,135.58,56413.0
2023-02-15 10:45:00,135.3999,135.68,135.3639,135.55,80936.0
2023-02-15 10:30:00,135.2,135.57,135.175,135.4,62452.0
2023-02-15 10:15:00,135.42,135.68,135.07,135.1837,126851.0
2023-02-15 10:00:00,135.375,135.67,135.29,135.43,85660.0
2023-02-15 09:45:00,135.2,135.51,135.07,135.3925,136267.0
2023-02-15 09:30:00,135.57,135.57,135.27,135.27,895.0
2023-02-15 08:15:00,135.9,135.9,135.9,135.9,504.0
2023-02-15 08:00:00,135.9,135.9,135.9,135.9,123.0
2023-02-15 07:15:00,135.79,135.79,135.79,135.79,147.0
2023-02-15 06:45:00,135.97,135.97,135.85,135.85,599.0
2023-02-14 20:00:00,135.6,135.6,135.6,135.6,222.0
2023-02-14 17:15:00,135.74,135.74,135.72,135.72,38905.0
2023-02-14 16:30:00,135.9,135.9,135.9,135.9,190.0
2023-02-14 16:15:00,136.01,136.01,135.45,135.57,129630.0
2023-02-14 16:00:00,136.305,136.37,135.95,136.04,289993.0
2023-02-14 15:45:00,136.315,136.34,136.19,136.31,102138.0
2023-02-14 15:30:00,136.34,136.43,136.28,136.315,106671.0
2023-02-14 15:15:00,136.33,136.405,136.2,136.33,84516.0
2023-02-14 15:00:00,136.3,136.4,136.23,136.32,59461.0
2023-02-14 14:45:00,136.17,136.392,136.17,136.305,69851.0
2023-02-14 14:30:00,136.0,136.19,136.0,136.17,57526.0
2023-02-14 14:15:00,136.07,136.32,135.815,135.9961,89282.0
2023-02-14 14:00:00,135.78,136.1,135.78,136.07,60967.0
2023-02-14 13:45:00,135.85,135.96,135.75,135.7698,70142.0
2023-02-14 13:30:00,135.81,136.045,135.76,135.84,51924.0
2023-02-14 13:15:00,135.43,135.935,135.43,135.83,81505.0
2023-02-14 13:00:00,135.46,135.6,135.29,135.45,57133.0
2023-02-14 12:45:00,135.425,135.605,135.425,135.47,55279.0
2023-02-14 12:30:00,135.6704,135.6704,135.31,135.42,64967.0
2023-02-14 12:15:00,135.32,135.72,135.27,135.66,72651.0
2023-02-14 12:00:00,135.22,135.43,135.16,135.34,96024.0
2023-02-14 11:45:00,135.45,135.45,135.05,135.24,114690.0
2023-02-14 11:30:00,135.89,136.14,135.43,135.43,111143.0
2023-02-14 11:15:00,135.625,135.99,135.59,135.9,69395.0
2023-02-14 11:00:00,135.6712,135.835,135.43,135.63,105524.0
2023-02-14 10:45:00,136.56,136.63,135.66,135.7,145390.0
2023-02-14 10:30:00,137.14,137.24,136.55,136.58,82471.0
2023-02-14 10:15:00,136.915,137.135,136.75,137.13,111130.0
2023-02-14 10:00:00,136.48,136.95,136.44,136.91,109568.0
2023-02-14 09:45:00,137.05,137.05,136.39,136.465,196762.0
2023-02-14 09:30:00,137.07,137.07,137.05,137.05,1067.0
2023-02-14 09:15:00,137.8378,137.8378,137.8378,137.8378,707.0
2023-02-14 09:00:00,137.35,137.36,137.35,137.36,1911.0
2023-02-14 08:45:00,137.8,138.43,137.6,137.6,6807.0
2023-02-14 08:30:00,137.5,137.5,137.5,137.5,100.0
2023-02-14 08:15:00,137.7,137.8,137.29,137.29,890.0
2023-02-14 07:15:00,137.6,137.6,137.6,137.6,257.0
2023-02-13 20:00:00,137.2,137.2,137.2,137.2,100.0
2023-02-13 18:30:00,137.26,137.3,137.26,137.3,2005.0
2023-02-13 17:45:00,137.26,137.26,137.26,137.26,551.0
2023-02-13 16:45:00,137.26,137.26,137.26,137.26,100.0
2023-02-13 16:30:00,137.35,137.35,137.26,137.26,11705.0
2023-02-13 16:15:00,137.35,137.35,137.25,137.25,94788.0
2023-02-13 16:00:00,137.2,137.37,137.06,137.35,596956.0
2023-02-13 15:45:00,137.08,137.25,137.06,137.205,186748.0
2023-02-13 15:30:00,137.0207,137.1,136.99,137.07,105827.0
2023-02-13 15:15:00,137.02,137.07,136.95,137.02,103831.0
2023-02-13 15:00:00,137.035,137.05,136.94,137.02,97704.0
2023-02-13 14:45:00,137.06,137.07,136.9,137.04,87954.0
2023-02-13 14:30:00,137.18,137.23,137.02,137.05,81175.0
2023-02-13 14:15:00,137.2,137.32,137.11,137.18,111641.0
2023-02-13 14:00:00,137.15,137.36,137.1,137.19,163320.0
2023-02-13 13:45:00,137.13,137.23,137.065,137.14,80054.0
2023-02-13 13:30:00,137.0,137.18,137.0,137.12,68043.0
2023-02-13 13:15:00,137.04,137.13,136.955,137.0,74836.0
2023-02-13 13:00:00,137.2,137.3,137.0,137.03,101997.0
2023-02-13 12:45:00,137.13,137.28,137.02,137.215,66581.0
2023-02-13 12:30:00,137.13,137.22,137.03,137.11,78881.0
2023-02-13 12:15:00,137.01,137.145,136.9117,137.14,81476.0
2023-02-13 12:00:00,137.19,137.33,136.975,137.02,126069.0
2023-02-13 11:45:00,137.14,137.2,136.89,137.18,101398.0
2023-02-13 11:30:00,137.135,137.24,137.05,137.14,116339.0
2023-02-13 11:15:00,137.2,137.25,136.935,137.14,147793.0
2023-02-13 11:00:00,137.14,137.39,137.04,137.195,192458.0
2023-02-13 10:45:00,137.0,137.135,136.86,137.135,137915.0
2023-02-13 10:30:00,136.74,137.015,136.59,136.99,113262.0
2023-02-13 10:15:00,136.76,136.955,136.6,136.71,123735.0
2023-02-13 10:00:00,136.18,136.7508,136.0,136.7306,167644.0
2023-02-13 09:45:00,136.0,136.54,135.85,136.18,314926.0
2023-02-13 09:30:00,135.5,136.05,135.5,136.05,4515.0
2023-02-13 09:15:00,135.4,135.4,135.4,135.4,200.0
2023-02-13 09:00:00,135.45,135.45,135.45,135.45,200.0
2023-02-13 08:15:00,135.4101,135.4101,135.4101,135.4101,155.0
2023-02-13 07:45:00,135.4,135.4,135.4,135.4,353.0
2023-02-13 06:00:00,135.2,135.2,135.2,135.2,184.0
2023-02-13 05:45:00,135.02,135.02,135.02,135.02,239.0
2023-02-10 19:45:00,135.57,135.57,135.57,135.57,200.0
2023-02-10 17:30:00,135.31,135.3138,135.31,135.3138,340.0
2023-02-10 17:00:00,135.45,135.45,135.31,135.31,19015.0
2023-02-10 16:45:00,135.5,135.5,135.5,135.5,952.0
2023-02-10 16:15:00,135.6,135.6196,135.6,135.6,254075.0
2023-02-10 16:00:00,135.585,135.755,135.48,135.6,444975.0
2023-02-10 15:45:00,135.43,135.665,135.41,135.59,190468.0
2023-02-10 15:30:00,135.5059,135.53,135.32,135.43,107753.0
2023-02-10 15:15:00,135.555,135.64,135.43,135.5,132367.0
2023-02-10 15:00:00,135.37,135.63,135.31,135.55,67768.0
2023-02-10 14:45:00,135.2983,135.47,135.27,135.35,65865.0
2023-02-10 14:30:00,135.5,135.515,135.2738,135.32,67203.0
2023-02-10 14:15:00,135.61,135.64,135.42,135.4956,57465.0
2023-02-10 14:00:00,135.61,135.67,135.56,135.6036,54108.0
2023-02-10 13:45:00,135.61,135.77,135.49,135.63,113106.0
2023-02-10 13:30:00,135.61,135.765,135.57,135.62,79074.0
2023-02-10 13:15:00,135.42,135.63,135.33,135.61,67208.0
2023-02-10 13:00:00,135.4,135.56,135.36,135.42,108243.0
2023-02-10 12:45:00,135.13,135.47,135.11,135.4,103057.0
2023-02-10 12:30:00,135.07,135.18,135.02,135.12,93621.0
2023-02-10 12:15:00,135.0,135.2,134.8,135.085,115436.0
2023-02-10 12:00:00,135.36,135.4,134.97,134.9999,205045.0
2023-02-10 11:45:00,135.285,135.48,135.21,135.37,720176.0
2023-02-10 11:30:00,135.22,135.57,135.21,135.3,154130.0
2023-02-10 11:15:00,134.8,135.46,134.8,135.21,242827.0
2023-02-10 11:00:00,134.8,134.859,134.5344,134.8128,113003.0
2023-02-10 10:45:00,134.56,135.06,134.53,134.81,191043.0
2023-02-10 10:30:00,134.3,134.62,134.28,134.56,116541.0
2023-02-10 10:15:00,134.04,134.3599,133.82,134.289,122906.0
2023-02-10 10:00:00,133.6072,134.03,133.58,133.99,111223.0
2023-02-10 09:45:00,133.78,134.14,133.5,133.6155,188175.0
2023-02-10 09:30:00,133.8,133.9,133.8,133.9,2396.0
2023-02-10 09:15:00,133.59,133.77,133.59,133.71,3213.0
2023-02-10 08:45:00,133.53,133.53,133.53,133.53,126.0
2023-02-10 06:45:00,133.59,133.59,133.59,133.59,105.0
2023-02-10 05:30:00,133.5,133.5,133.5,133.5,200.0
2023-02-10 05:00:00,134.16,134.16,133.7,133.93,1320.0
2023-02-09 19:45:00,133.75,133.75,133.75,133.75,100.0
2023-02-09 19:30:00,133.75,133.75,133.75,133.75,1101.0
2023-02-09 17:30:00,134.0,134.0,133.75,133.75,1895.0
2023-02-09 16:45:00,133.7,133.7,133.7,133.7,294.0
2023-02-09 16:15:00,133.75,133.85,133.5,133.85,184977.0
2023-02-09 16:00:00,133.62,133.95,133.56,133.73,396965.0
2023-02-09 15:45:00,133.58,133.63,133.34,133.615,189783.0
2023-02-09 15:30:00,133.87,133.92,133.58,133.58,102362.0
2023-02-09 15:15:00,133.64,134.0,133.5,133.87,224685.0
2023-02-09 15:00:00,133.73,133.75,133.57,133.64,72405.0
2023-02-09 14:45:00,133.68,133.78,133.62,133.73,57493.0
2023-02-09 14:30:00,133.83,133.84,133.65,133.6622,66481.0
2023-02-09 14:15:00,134.0,134.0704,133.81,133.83,71610.0
2023-02-09 14:00:00,133.97,134.0945,133.92,134.0,64999.0
2023-02-09 13:45:00,134.15,134.29,133.9,133.9864,69546.0
2023-02-09 13:30:00,134.08,134.22,134.0,134.15,69563.0
2023-02-09 13:15:00,134.1,134.18,133.99,134.05,86581.0
2023-02-09 13:00:00,134.12,134.18,134.04,134.1,50725.0
2023-02-09 12:45:00,134.37,134.438,134.03,134.15,75717.0
2023-02-09 12:30:00,134.7015,134.7015,134.38,134.38,89751.0
2023-02-09 12:15:00,134.58,134.745,134.55,134.7,81400.0
2023-02-09 12:00:00,134.68,134.68,134.45,134.5503,70459.0
2023-02-09 11:45:00,134.33,134.75,134.27,134.7,123702.0
2023-02-09 11:30:00,134.69,134.7,134.21,134.34,114652.0
2023-02-09 11:15:00,134.96,134.995,134.65,134.68,79805.0
2023-02-09 11:00:00,134.975,135.13,134.92,134.975,65721.0
2023-02-09 10:45:00,135.1219,135.14,134.885,134.9752,107195.0
2023-02-09 10:30:00,135.18,135.33,135.05,135.16,77693.0
2023-02-09 10:15:00,135.45,135.73,135.13,135.165,102421.0
2023-02-09 10:00:00,134.94,135.54,134.78,135.5,163113.0
2023-02-09 09:45:00,134.99,135.18,134.66,134.92,314091.0
2023-02-09 09:30:00,134.9599,134.96,134.9,134.96,3403.0
2023-02-09 09:15:00,134.91,134.91,134.86,134.9,1667.0
2023-02-09 09:00:00,134.91,134.92,134.9,134.92,1780.0
2023-02-09 08:45:00,134.86,134.86,134.86,134.86,600.0
2023-02-09 08:30:00,135.0,135.0,135.0,135.0,101.0
2023-02-09 08:15:00,135.249,135.25,134.95,134.95,3425.0
2023-02-09 08:00:00,135.1,135.1,135.0,135.0,2159.0
2023-02-09 07:45:00,135.2,135.2,135.1,135.1,1253.0
2023-02-09 07:30:00,135.2,135.24,135.2,135.24,1607.0
2023-02-09 07:15:00,135.19,135.19,135.05,135.05,489.0
2023-02-09 06:30:00,134.85,134.85,134.85,134.85,726.0
2023-02-09 05:45:00,134.91,134.91,134.91,134.91,339.0
2023-02-09 05:00:00,135.02,135.02,135.02,135.02,250.0
2023-02-09 04:45:00,134.89,134.89,134.89,134.89,100.0
2023-02-09 04:15:00,134.79,134.79,134.79,134.79,198.0
2023-02-08 20:00:00,134.3921,134.3921,134.3921,134.3921,201.0
2023-02-08 19:45:00,134.4415,134.5007,134.4415,134.5007,370.0
2023-02-08 19:30:00,134.3921,134.402,134.3921,134.402,254.0
2023-02-08 19:15:00,134.4415,134.4415,134.4415,134.4415,105.0
2023-02-08 19:00:00,134.6193,134.6193,134.6193,134.6193,110.0
2023-02-08 18:30:00,134.3723,134.3723,134.3624,134.3624,401.0
2023-02-08 18:15:00,134.5403,134.5403,134.5403,134.5403,137.0
2023-02-08 17:45:00,134.5106,134.5205,134.5106,134.5106,1000.0
2023-02-08 17:15:00,134.4415,134.4415,134.4415,134.4415,300.0
2023-02-08 17:00:00,134.3427,134.3427,134.3427,134.3427,100.0
2023-02-08 16:45:00,134.4353,134.4353,134.4353,134.4353,251.0
2023-02-08 16:30:00,134.2735,134.3229,134.2735,134.3229,506.0
2023-02-08 16:15:00,134.3229,134.4711,134.3229,134.3229,195457.0
2023-02-08 16:00:00,134.5304,134.5995,134.3427,134.3427,621235.0
2023-02-08 15:45:00,134.5106,134.6292,134.402,134.5337,184010.0
2023-02-08 15:30:00,134.5403,134.6045,134.3723,134.5205,127936.0
2023-02-08 15:15:00,134.639,134.6785,134.4217,134.5007,90759.0
2023-02-08 15:00:00,134.4711,134.6785,134.4267,134.6472,87618.0
2023-02-08 14:45:00,134.481,134.5699,134.4365,134.4809,143937.0
2023-02-08 14:30:00,134.6469,134.7277,134.4612,134.5007,80809.0
2023-02-08 14:15:00,134.5699,134.6785,134.402,134.639,78271.0
2023-02-08 14:00:00,134.5501,134.6884,134.5106,134.5798,65826.0
2023-02-08 13:45:00,134.6983,134.6983,134.4711,134.5403,132032.0
2023-02-08 13:30:00,134.7773,134.9334,134.6489,134.6983,109337.0
2023-02-08 13:15:00,134.3624,134.7971,134.3624,134.7674,94779.0
2023-02-08 13:00:00,134.1649,134.3624,134.1649,134.3526,90320.0
2023-02-08 12:45:00,134.3624,134.4415,134.0557,134.1402,115554.0
2023-02-08 12:30:00,134.4711,134.6133,134.2735,134.3526,135051.0
2023-02-08 12:15:00,134.7576,134.8267,134.4711,134.4711,117730.0
2023-02-08 12:00:00,134.4859,134.807,134.4513,134.7773,126527.0
2023-02-08 11:45:00,134.4513,134.5896,134.3427,134.481,102118.0
2023-02-08 11:30:00,134.8168,135.0737,134.4316,134.4711,148681.0
2023-02-08 11:15:00,134.7082,134.9601,134.6687,134.8366,103805.0
2023-02-08 11:00:00,134.9947,135.0243,134.5699,134.7378,347248.0
2023-02-08 10:45:00,134.6292,134.9946,134.5007,134.9848,140868.0
2023-02-08 10:30:00,134.5551,134.7872,134.4909,134.6298,85380.0
2023-02-08 10:15:00,134.8959,134.9551,134.402,134.5501,141466.0
2023-02-08 10:00:00,134.3921,135.0539,134.2933,134.9057,175783.0
2023-02-08 09:45:00,134.0562,134.5205,133.5129,134.3921,189038.0
2023-02-08 09:30:00,134.0957,134.4909,134.0957,134.155,1006.0
2023-02-08 09:15:00,134.2439,134.2537,134.1748,134.1748,877.0
2023-02-08 09:00:00,133.9772,133.9772,133.9574,133.9574,578.0
2023-02-08 08:15:00,134.2439,134.3427,134.2439,134.3427,4233.0
2023-02-08 08:00:00,134.2439,134.2439,134.1056,134.1056,1254.0
2023-02-08 07:15:00,134.2439,134.3427,134.2439,134.3427,1291.0
2023-02-08 06:45:00,134.0463,134.0463,134.0463,134.0463,550.0
2023-02-08 06:30:00,134.0463,134.0463,134.0463,134.0463,500.0
2023-02-08 06:15:00,134.1649,134.1649,134.1649,134.1649,155.0
2023-02-08 05:30:00,134.0266,134.0266,134.0266,134.0266,240.0
2023-02-08 04:15:00,134.0266,134.0266,134.0266,134.0266,119.0
2023-02-07 20:00:00,134.3427,134.3427,134.3427,134.3427,134.0
2023-02-07 19:45:00,134.4415,134.4415,134.3427,134.3427,212.0
2023-02-07 18:30:00,134.3427,134.3427,134.3427,134.3427,201.0
2023-02-07 17:45:00,134.2439,134.2439,134.2439,134.2439,100.0
2023-02-07 17:30:00,134.3624,134.4415,134.3624,134.4415,664.0
2023-02-07 17:15:00,134.3427,134.3427,134.3427,134.3427,550.0
2023-02-07 16:45:00,134.7505,134.7505,134.7505,134.7505,266.0
2023-02-07 16:30:00,134.3427,134.639,134.3131,134.3131,2112.0
2023-02-07 16:15:00,134.1846,134.8168,134.1846,134.1945,162227.0
2023-02-07 16:00:00,134.1995,134.56,134.1649,134.1846,479346.0
2023-02-07 15:45:00,134.155,134.2785,134.0216,134.2044,121205.0
2023-02-07 15:30:00,133.9772,134.2044,133.9476,134.155,88673.0
2023-02-07 15:15:00,134.0957,134.3112,133.9278,133.9673,105911.0
2023-02-07 15:00:00,133.9772,134.076,133.8932,134.0661,70947.0
2023-02-07 14:45:00,133.7401,134.0661,133.671,133.9673,77890.0
2023-02-07 14:30:00,133.7945,133.9179,133.6907,133.7154,90250.0
2023-02-07 14:15:00,132.9993,133.8488,132.9894,133.7994,114769.0
2023-02-07 14:00:00,133.0585,133.098,132.8116,132.9894,128992.0
2023-02-07 13:45:00,133.5233,133.5426,132.861,133.098,187588.0
2023-02-07 13:30:00,134.2488,134.2933,133.5228,133.5228,101059.0
2023-02-07 13:15:00,134.4513,134.6687,134.2044,134.2637,121066.0
2023-02-07 13:00:00,133.8883,134.7378,133.8389,134.4415,188038.0
2023-02-07 12:45:00,133.6413,133.9772,133.4932,133.8488,94476.0
2023-02-07 12:30:00,133.5426,133.6809,133.4833,133.6512,63532.0
2023-02-07 12:15:00,133.6413,133.7204,133.5228,133.5574,68785.0
2023-02-07 12:00:00,133.6423,133.7698,133.6018,133.6413,73300.0
2023-02-07 11:45:00,133.7302,133.8014,133.6117,133.6512,71117.0
2023-02-07 11:30:00,133.8389,133.8735,133.6907,133.7302,63138.0
2023-02-07 11:15:00,133.6018,133.8883,133.5524,133.8587,131004.0
2023-02-07 11:00:00,133.5524,133.7599,133.5327,133.6018,69714.0
2023-02-07 10:45:00,133.4383,133.7006,133.3252,133.5524,107611.0
2023-02-07 10:30:00,133.4141,133.5228,133.3351,133.4833,68821.0
2023-02-07 10:15:00,133.5277,133.7006,133.3351,133.429,127360.0
2023-02-07 10:00:00,133.7698,133.7698,133.4635,133.5129,121706.0
2023-02-07 09:45:00,134.0167,134.1748,133.7006,133.7895,189542.0
2023-02-07 09:30:00,134.0957,134.0957,133.8685,133.8685,1507.0
2023-02-07 09:15:00,134.1945,134.1945,134.1945,134.1945,946.0
2023-02-07 08:30:00,134.1945,134.1945,134.1945,134.1945,240.0
2023-02-07 08:15:00,134.5896,134.5896,134.2933,134.2933,1115.0
2023-02-07 06:30:00,134.7181,134.7181,134.7181,134.7181,120.0
2023-02-06 19:45:00,134.8267,134.8267,134.8267,134.8267,100.0
2023-02-06 18:00:00,134.6371,134.639,134.6371,134.639,300.0
2023-02-06 17:30:00,134.3436,134.639,134.3428,134.3428,1324.0
2023-02-06 17:15:00,134.4513,134.4513,134.4415,134.4415,552.0
2023-02-06 17:00:00,134.4415,134.5403,134.4415,134.5403,202.0
2023-02-06 16:45:00,134.3526,134.5205,134.3427,134.5205,3091.0
2023-02-06 16:15:00,134.5205,134.5205,134.3427,134.3427,351102.0
2023-02-06 16:00:00,134.2637,134.6588,134.1352,134.4711,639545.0
2023-02-06 15:45:00,133.9081,134.2735,133.8093,134.2735,195214.0
2023-02-06 15:30:00,134.0167,134.076,133.8784,133.8982,107281.0
2023-02-06 15:15:00,134.1056,134.1748,133.9821,134.0266,71481.0
2023-02-06 15:00:00,134.1155,134.155,133.9574,134.1106,133543.0
2023-02-06 14:45:00,134.4118,134.4217,134.1099,134.1204,103431.0
2023-02-06 14:30:00,134.4334,134.5403,134.3624,134.402,107888.0
2023-02-06 14:15:00,134.3427,134.4711,134.3229,134.4365,84855.0
2023-02-06 14:00:00,134.3328,134.397,134.234,134.3526,82269.0
2023-02-06 13:45:00,134.2439,134.4118,134.1846,134.3328,69825.0
2023-02-06 13:30:00,134.2143,134.5007,134.2044,134.2587,65737.0
2023-02-06 13:15:00,134.2538,134.4316,134.1649,134.2242,70544.0
2023-02-06 13:00:00,134.3822,134.4316,134.1896,134.2538,52794.0
2023-02-06 12:45:00,134.402,134.5106,134.3427,134.3822,81396.0
2023-02-06 12:30:00,134.4118,134.6153,134.2093,134.3822,97100.0
2023-02-06 12:15:00,134.2242,134.4711,134.1945,134.4316,79379.0
2023-02-06 12:00:00,134.1748,134.3328,134.1451,134.2143,96946.0
2023-02-06 11:45:00,134.3427,134.3921,134.1649,134.1846,99297.0
2023-02-06 11:30:00,134.1352,134.5007,134.1056,134.3427,195623.0
2023-02-06 11:15:00,134.0809,134.3032,134.0315,134.155,124440.0
2023-02-06 11:00:00,133.9476,134.2135,133.8685,134.0745,106446.0
2023-02-06 10:45:00,133.5524,134.0167,133.4932,133.9514,132482.0
2023-02-06 10:30:00,133.6413,133.671,133.3055,133.5722,150669.0
2023-02-06 10:15:00,133.6512,133.6907,133.3252,133.6363,161221.0
2023-02-06 10:00:00,133.7895,133.8587,133.4537,133.6933,165233.0
2023-02-06 09:45:00,134.1748,134.5106,133.5327,133.7895,364005.0
2023-02-06 09:30:00,134.5007,134.5205,134.1451,134.1451,3617.0
2023-02-06 09:15:00,134.4217,134.4217,134.4217,134.4217,218.0
2023-02-06 08:45:00,134.2834,134.4415,134.2834,134.3032,406.0
2023-02-06 08:30:00,134.3427,134.3427,134.3427,134.3427,429.0
2023-02-06 08:15:00,134.3428,134.3428,134.234,134.234,1655.0
2023-02-06 07:45:00,134.3624,134.3624,134.3624,134.3624,1050.0
2023-02-06 07:15:00,134.4415,134.4415,134.2439,134.2439,3490.0
2023-02-06 06:45:00,134.1451,134.1451,134.1451,134.1451,417.0
2023-02-06 06:30:00,134.1451,134.1451,134.1451,134.1451,500.0
2023-02-06 06:00:00,134.2044,134.2044,134.2044,134.2044,200.0
2023-02-06 05:15:00,134.5403,134.5798,134.5403,134.5403,500.0
2023-02-06 04:15:00,134.8959,134.8959,134.5798,134.5798,769.0
2023-02-03 19:30:00,135.1428,135.1428,135.1428,135.1428,145.0
2023-02-03 18:30:00,135.1725,135.1823,135.1725,135.1823,428.0
2023-02-03 17:15:00,135.2712,135.2712,135.2712,135.2712,734.0
2023-02-03 17:00:00,135.2712,135.2712,135.0737,135.0737,1340.0
2023-02-03 16:30:00,135.1132,135.1132,134.9255,135.0737,1129.0
2023-02-03 16:15:00,135.2712,135.2712,135.1033,135.1132,160369.0
2023-02-03 16:00:00,134.8662,135.2811,134.6884,135.2218,503242.0
2023-02-03 15:45:00,134.7082,135.0045,134.7082,134.8662,162641.0
2023-02-03 15:30:00,134.6489,134.8761,134.5304,134.6983,105708.0
2023-02-03 15:15:00,134.5382,134.7181,134.3822,134.6538,113928.0
2023-02-03 15:00:00,134.6094,134.639,134.4415,134.5457,59710.0
2023-02-03 14:45:00,134.56,134.7804,134.3822,134.6588,104783.0
2023-02-03 14:30:00,134.4612,134.5551,134.2637,134.5551,57023.0
2023-02-03 14:15:00,134.4513,134.4612,134.234,134.4612,85925.0
2023-02-03 14:00:00,134.1254,134.5106,134.076,134.4457,82917.0
2023-02-03 13:45:00,134.0463,134.2143,133.9574,134.0859,77124.0
2023-02-03 13:30:00,134.1155,134.2143,133.997,134.0463,56060.0
2023-02-03 13:15:00,134.3822,134.4118,134.0266,134.1254,86488.0
2023-02-03 13:00:00,134.7674,134.7971,134.3427,134.3723,53512.0
2023-02-03 12:45:00,134.6211,134.8613,134.6193,134.7674,54932.0
2023-02-03 12:30:00,134.4415,134.6687,134.4118,134.6292,60298.0
2023-02-03 12:15:00,134.2637,134.4415,134.2045,134.4415,64642.0
2023-02-03 12:00:00,134.4612,134.5106,134.2439,134.2735,88765.0
2023-02-03 11:45:00,134.6785,134.8267,134.4217,134.4415,149507.0
2023-02-03 11:30:00,134.3526,134.6785,134.2933,134.6588,115497.0
2023-02-03 11:15:00,134.2439,134.4118,134.1797,134.3575,85779.0
2023-02-03 11:00:00,134.4316,134.4316,134.0859,134.234,100267.0
2023-02-03 10:45:00,134.2834,134.6687,134.2538,134.4217,118351.0
2023-02-03 10:30:00,134.1254,134.4217,133.997,134.2686,117911.0
2023-02-03 10:15:00,134.1846,134.4612,133.8784,134.1352,131246.0
2023-02-03 10:00:00,134.6983,134.807,134.0859,134.2439,137265.0
2023-02-03 09:45:00,134.6884,135.2169,134.639,134.6983,220490.0
2023-02-03 09:30:00,134.155,134.9354,134.1451,134.9354,3088.0
2023-02-03 09:15:00,134.3526,134.3526,134.1451,134.1451,1792.0
2023-02-03 09:00:00,134.4513,134.4513,134.3533,134.3533,714.0
2023-02-03 08:45:00,134.6884,134.6884,134.4513,134.4513,2040.0
2023-02-03 08:15:00,134.5205,135.291,134.481,134.7773,1737.0
2023-02-03 07:15:00,134.5106,134.8366,134.5106,134.8366,1212.0
2023-02-03 07:00:00,134.5205,134.5205,134.4711,134.4711,342.0
2023-02-03 06:45:00,134.5007,134.5995,134.5007,134.5205,3829.0
2023-02-03 05:15:00,134.5205,134.5205,134.5205,134.5205,275.0
2023-02-03 05:00:00,134.5205,134.5205,134.5205,134.5205,150.0
2023-02-03 04:15:00,134.3427,134.3427,134.3427,134.3427,226.0
2023-02-02 20:00:00,134.234,134.234,134.234,134.234,176.0
2023-02-02 19:30:00,134.2242,134.2242,134.2242,134.2242,105.0
2023-02-02 19:15:00,134.0661,134.0661,134.0661,134.0661,200.0
2023-02-02 19:00:00,134.2834,134.2834,134.2834,134.2834,300.0
2023-02-02 18:45:00,134.3131,134.3131,134.2834,134.2834,201.0
2023-02-02 18:30:00,134.2834,134.2834,134.2834,134.2834,1067.0
2023-02-02 18:15:00,134.3328,134.3328,134.2834,134.3229,700.0
2023-02-02 18:00:00,134.2637,134.2637,134.2637,134.2637,880.0
2023-02-02 17:45:00,134.2538,134.2538,134.2538,134.2538,173.0
2023-02-02 17:00:00,134.155,134.155,134.1451,134.1451,1004.0
2023-02-02 16:45:00,133.8488,134.3427,133.8488,134.3427,1225.0
2023-02-02 16:30:00,134.5798,134.5798,134.1945,134.1945,386.0
2023-02-02 16:15:00,134.7279,134.7279,134.5798,134.5798,224333.0
2023-02-02 16:00:00,134.5501,134.807,134.4316,134.7279,678382.0
2023-02-02 15:45:00,134.402,134.7181,134.402,134.5501,272122.0
2023-02-02 15:30:00,134.239,134.4636,134.0859,134.397,174165.0
2023-02-02 15:15:00,134.2735,134.4711,134.0661,134.2538,147901.0
2023-02-02 15:00:00,134.4372,134.4513,134.076,134.2708,161024.0
2023-02-02 14:45:00,134.7082,134.7181,134.3131,134.4365,185632.0
2023-02-02 14:30:00,134.7279,134.7971,134.6588,134.7082,137352.0
2023-02-02 14:15:00,134.886,135.0539,134.6884,134.7477,148247.0
2023-02-02 14:00:00,134.5896,134.8909,134.5205,134.886,120142.0
2023-02-02 13:45:00,134.5995,134.6983,134.57,134.5896,84829.0
2023-02-02 13:30:00,134.3279,134.7358,134.3279,134.5714,109811.0
2023-02-02 13:15:00,134.4217,134.5798,134.3032,134.3229,104133.0
2023-02-02 13:00:00,134.5007,134.56,134.3921,134.4118,104885.0
2023-02-02 12:45:00,134.4612,134.6192,134.3526,134.4909,142701.0
2023-02-02 12:30:00,134.3822,134.6094,134.3723,134.4612,125266.0
2023-02-02 12:15:00,134.2044,134.397,134.155,134.3723,120203.0
2023-02-02 12:00:00,134.0562,134.3427,134.0414,134.2044,124231.0
2023-02-02 11:45:00,134.1007,134.2143,133.997,134.0463,139944.0
2023-02-02 11:30:00,134.155,134.2439,133.9525,134.1056,128019.0
2023-02-02 11:15:00,134.2785,134.3229,134.0463,134.1352,142405.0
2023-02-02 11:00:00,133.8982,134.5403,133.7895,134.2637,277139.0
2023-02-02 10:45:00,133.6018,134.0068,133.5426,133.8932,193528.0
2023-02-02 10:30:00,133.6216,133.8982,133.5524,133.5623,152358.0
2023-02-02 10:15:00,133.6413,133.9673,133.3154,133.6117,228787.0
2023-02-02 10:00:00,133.6611,133.8982,133.4141,133.6315,255105.0
2023-02-02 09:45:00,134.3032,134.3032,133.2067,133.6809,400157.0
2023-02-02 09:30:00,134.0562,134.1254,133.9476,134.1254,4456.0
2023-02-02 09:15:00,133.5338,133.9278,133.5327,133.9278,2736.0
2023-02-02 09:00:00,133.4833,133.4833,133.4833,133.4833,2002.0
2023-02-02 08:45:00,133.503,133.503,133.4438,133.4833,3179.0
2023-02-02 08:30:00,133.4438,133.4833,133.4438,133.4833,1711.0
2023-02-02 08:15:00,133.5715,133.75,133.2363,133.4537,2921.0
2023-02-02 08:00:00,133.4043,133.4043,133.4043,133.4043,485.0
2023-02-02 07:45:00,133.4043,133.4537,133.4043,133.4537,766.0
2023-02-02 05:15:00,133.7006,133.8488,133.7006,133.8488,580.0
2023-02-02 04:45:00,133.7105,133.7105,133.7105,133.7105,554.0
2023-02-01 20:00:00,133.6018,133.6018,133.6018,133.6018,256.0
2023-02-01 19:45:00,133.6018,133.6018,133.6018,133.6018,501.0
2023-02-01 19:30:00,133.6018,133.6018,133.4932,133.4932,1432.0
2023-02-01 19:15:00,133.5722,133.5722,133.5722,133.5722,178.0
2023-02-01 18:45:00,133.503,133.5129,133.4438,133.4734,1101.0
2023-02-01 18:15:00,133.4438,133.4537,133.4438,133.4537,2435.0
2023-02-01 18:00:00,133.4043,133.4043,133.4043,133.4043,600.0
2023-02-01 17:45:00,133.3746,133.3746,133.3746,133.3746,186.0
2023-02-01 17:30:00,133.3746,133.3746,133.3746,133.3746,289.0
2023-02-01 17:00:00,133.4438,133.4537,133.234,133.234,61647.0
2023-02-01 16:45:00,133.4438,133.4438,133.3549,133.4438,22855.0
2023-02-01 16:30:00,133.75,133.75,133.2462,133.75,4087.0
2023-02-01 16:15:00,133.4438,133.4438,132.7128,133.4438,118410.0
2023-02-01 16:00:00,133.8191,133.8784,133.2413,133.4833,482860.0
2023-02-01 15:45:00,133.429,134.1352,133.429,133.8093,256093.0
2023-02-01 15:30:00,132.8857,133.4438,132.693,133.424,204186.0
2023-02-01 15:15:00,132.5943,133.0783,132.5943,132.861,217356.0
2023-02-01 15:00:00,132.5251,132.9202,132.4461,132.5547,236367.0
2023-02-01 14:45:00,131.6953,132.5844,131.1817,132.4955,296546.0
2023-02-01 14:30:00,131.8633,131.9423,131.6213,131.6558,112491.0
2023-02-01 14:15:00,131.7052,132.0707,131.2805,131.8732,244637.0
2023-02-01 14:00:00,131.5768,131.7843,131.478,131.7299,130486.0
2023-02-01 13:45:00,131.7744,131.7941,131.5274,131.5867,116248.0
2023-02-01 13:30:00,131.8139,131.8238,131.6756,131.7843,76928.0
2023-02-01 13:15:00,131.7546,131.7941,131.6558,131.7941,126166.0
2023-02-01 13:00:00,131.8732,131.9522,131.6953,131.7447,72145.0
2023-02-01 12:45:00,131.7941,131.8732,131.6707,131.8732,123464.0
2023-02-01 12:30:00,132.2386,132.2386,131.7645,131.7843,128887.0
2023-02-01 12:15:00,131.9127,132.2357,131.9127,132.2288,79298.0
2023-02-01 12:00:00,132.1201,132.13,131.8929,131.9324,201665.0
2023-02-01 11:45:00,132.3473,132.3522,132.0806,132.1201,75341.0
2023-02-01 11:30:00,131.8336,132.3374,131.804,132.3127,130451.0
2023-02-01 11:15:00,131.6361,131.9127,131.6262,131.8435,97058.0
2023-02-01 11:00:00,131.6953,131.9127,131.5175,131.646,149378.0
2023-02-01 10:45:00,131.7941,132.1695,131.6361,131.715,313079.0
2023-02-01 10:30:00,132.13,132.8511,131.804,131.8089,227022.0
2023-02-01 10:15:00,132.5646,132.614,132.0707,132.1201,176432.0
2023-02-01 10:00:00,132.6041,132.9795,132.5152,132.5547,130743.0
2023-02-01 09:45:00,132.8511,132.9054,132.2189,132.5399,228831.0
2023-02-01 09:15:00,132.8313,132.8313,132.8313,132.8313,180.0
2023-02-01 09:00:00,133.0091,133.0091,133.0091,133.0091,100.0
2023-02-01 08:45:00,132.861,132.861,132.7622,132.7622,1633.0
2023-02-01 08:15:00,132.6634,132.9104,132.6634,132.861,717.0
2023-02-01 08:00:00,132.7622,132.7622,132.7622,132.7622,600.0
2023-02-01 07:15:00,132.6634,132.6634,132.6634,132.6634,647.0
2023-02-01 06:15:00,132.9597,132.9597,132.9597,132.9597,162.0
2023-02-01 05:30:00,132.9202,132.9202,132.9202,132.9202,197.0
2023-01-31 20:00:00,132.8708,132.8807,132.8708,132.8807,402.0
2023-01-31 19:45:00,132.6634,132.6634,132.6634,132.6634,263.0
2023-01-31 19:15:00,132.9005,132.9005,132.9005,132.9005,152.0
2023-01-31 19:00:00,132.9104,132.9104,132.9104,132.9104,701.0
2023-01-31 18:45:00,132.9104,132.9104,132.9104,132.9104,1100.0
2023-01-31 17:45:00,132.9202,133.0882,132.9202,133.0882,615.0
2023-01-31 17:30:00,132.9993,133.0091,132.9914,133.0091,550.0
2023-01-31 17:15:00,132.7622,132.7622,132.7622,132.7622,274.0
2023-01-31 17:00:00,132.9104,132.9104,132.7622,132.7622,1760.0
2023-01-31 16:45:00,132.9005,133.0882,132.9005,133.0585,7313.0
2023-01-31 16:30:00,132.9894,133.3549,132.9104,132.9104,17377.0
2023-01-31 16:15:00,133.0882,133.0882,132.6209,133.0882,802234.0
2023-01-31 16:00:00,132.4905,133.1573,132.4905,133.1178,863359.0
2023-01-31 15:45:00,132.1991,132.4955,132.1893,132.4905,257523.0
2023-01-31 15:30:00,132.535,132.535,132.1497,132.1893,224063.0
2023-01-31 15:15:00,132.786,132.9301,132.497,132.535,160138.0
2023-01-31 15:00:00,132.7918,132.8708,132.7163,132.7819,133985.0
2023-01-31 14:45:00,132.7523,132.8481,132.6338,132.7918,140184.0
2023-01-31 14:30:00,132.7721,132.8208,132.7227,132.7572,87796.0
2023-01-31 14:15:00,132.6239,132.9252,132.6239,132.7819,134454.0
2023-01-31 14:00:00,132.6041,132.6683,132.535,132.614,103640.0
2023-01-31 13:45:00,132.4609,132.6634,132.4066,132.614,111269.0
2023-01-31 13:30:00,132.2288,132.4658,132.1794,132.4609,119041.0
2023-01-31 13:15:00,132.3177,132.3374,132.13,132.2288,127402.0
2023-01-31 13:00:00,132.3904,132.3967,132.2386,132.3177,88952.0
2023-01-31 12:45:00,132.2782,132.4263,132.186,132.3869,108425.0
2023-01-31 12:30:00,132.2739,132.4165,132.2189,132.2979,101607.0
2023-01-31 12:15:00,132.3572,132.3967,132.1794,132.2782,143611.0
2023-01-31 12:00:00,132.4609,132.4757,132.3177,132.3556,264045.0
2023-01-31 11:45:00,132.4658,132.6288,132.3177,132.4609,275905.0
2023-01-31 11:30:00,132.6041,132.6535,132.4362,132.4658,186373.0
2023-01-31 11:15:00,133.0388,133.2808,132.5943,132.614,159405.0
2023-01-31 11:00:00,133.1227,133.3055,132.9696,133.019,157883.0
2023-01-31 10:45:00,132.9499,133.1573,132.9449,133.1079,88314.0
2023-01-31 10:30:00,132.9499,133.019,132.7721,132.9232,111546.0
2023-01-31 10:15:00,132.8708,133.019,132.5251,132.9795,198300.0
2023-01-31 10:00:00,133.098,133.2067,132.861,132.9005,184846.0
2023-01-31 09:45:00,133.8488,133.997,133.0389,133.0893,214175.0
2023-01-31 09:15:00,133.8021,133.8021,133.7994,133.7994,200.0
2023-01-31 09:00:00,134.0754,134.0754,134.0754,134.0754,115.0
2023-01-31 08:45:00,133.8982,133.8982,133.8982,133.8982,105.0
2023-01-31 08:15:00,133.7204,133.7204,133.7204,133.7204,307.0
2023-01-30 20:00:00,133.7401,133.7401,133.7204,133.7204,533.0
2023-01-30 19:15:00,133.7106,133.7106,133.7106,133.7106,200.0
2023-01-30 19:00:00,133.7204,133.7204,133.7105,133.7105,340.0
2023-01-30 18:45:00,133.9574,133.9574,133.9574,133.9574,100.0
2023-01-30 18:30:00,134.1846,134.1846,133.9871,133.9871,487.0
2023-01-30 17:00:00,133.671,133.829,133.671,133.671,27242.0
2023-01-30 16:45:00,133.6611,133.6611,133.6611,133.6611,820.0
2023-01-30 16:30:00,133.5722,133.5722,133.5722,133.5722,312.0
2023-01-30 16:15:00,133.6512,133.7796,133.6512,133.7796,200883.0
2023-01-30 16:00:00,133.5277,133.7105,133.345,133.7006,815282.0
2023-01-30 15:45:00,133.2857,133.5919,133.2462,133.5327,300576.0
2023-01-30 15:30:00,133.6611,133.7105,133.2363,133.2857,323507.0
2023-01-30 15:15:00,133.4833,133.7055,133.4635,133.6809,146049.0
2023-01-30 15:00:00,133.3845,133.4833,133.2166,133.4734,97200.0
2023-01-30 14:45:00,133.3351,133.4438,133.2462,133.3746,98087.0
2023-01-30 14:30:00,133.4981,133.503,133.2758,133.3697,70607.0
2023-01-30 14:15:00,133.7994,133.8587,133.4882,133.503,97664.0
2023-01-30 14:00:00,133.5722,133.7895,133.4635,133.7747,65529.0
2023-01-30 13:45:00,133.8587,133.8587,133.5524,133.6068,112557.0
2023-01-30 13:30:00,133.4833,133.8596,133.424,133.8438,96112.0
2023-01-30 13:15:00,133.4537,133.5297,133.3328,133.4932,59874.0
2023-01-30 13:00:00,133.4191,133.4975,133.3055,133.4635,66539.0
2023-01-30 12:45:00,133.4734,133.5277,133.3746,133.4141,83462.0
2023-01-30 12:30:00,133.5327,133.5524,133.3268,133.4833,75371.0
2023-01-30 12:15:00,133.5524,133.6195,133.3154,133.5919,69506.0
2023-01-30 12:00:00,133.3154,133.5728,132.861,133.5623,101744.0
2023-01-30 11:45:00,133.4635,133.5623,133.2166,133.3055,100914.0
2023-01-30 11:30:00,133.8883,133.9179,133.3154,133.429,169125.0
2023-01-30 11:15:00,133.829,133.9673,133.4141,133.8735,182634.0
2023-01-30 11:00:00,133.5524,133.8587,133.3379,133.829,167857.0
2023-01-30 10:45:00,134.1995,134.2834,133.4932,133.5673,242863.0
2023-01-30 10:30:00,134.2735,134.4513,133.8234,134.1995,244835.0
2023-01-30 10:15:00,133.5524,134.2637,133.4622,134.2637,281249.0
2023-01-30 10:00:00,133.4932,133.7105,133.2166,133.5228,215713.0
2023-01-30 09:45:00,132.6832,133.5228,132.3473,133.5129,300553.0
2023-01-30 09:30:00,132.3177,132.614,132.3078,132.614,1453.0
2023-01-30 09:00:00,132.2288,132.2288,132.1893,132.209,2273.0
2023-01-30 08:45:00,132.3177,132.3572,132.1215,132.13,2811.0
2023-01-30 08:30:00,132.4165,132.4658,132.3275,132.3275,863.0
2023-01-30 08:15:00,132.0707,132.3769,132.0707,132.3769,2853.0
2023-01-30 08:00:00,132.3572,132.3671,132.3572,132.3671,1629.0
2023-01-30 07:15:00,132.3671,132.3671,132.3671,132.3671,206.0
2023-01-30 06:30:00,132.0707,132.0707,132.0707,132.0707,100.0
2023-01-30 05:15:00,132.0707,132.0707,131.9225,131.9225,2050.0
2023-01-30 04:45:00,132.2683,132.2683,132.2683,132.2683,201.0
2023-01-30 04:30:00,132.3671,132.3671,132.3671,132.3671,100.0
2023-01-30 04:15:00,132.3671,132.3671,132.3671,132.3671,306.0
2023-01-27 20:00:00,132.8017,132.8708,132.8017,132.861,863.0
2023-01-27 19:45:00,132.861,132.8708,132.861,132.8708,401.0
2023-01-27 19:30:00,132.8017,132.8017,132.8017,132.8017,100.0
2023-01-27 19:15:00,132.7721,132.7721,132.7721,132.7721,100.0
2023-01-27 18:45:00,132.7622,132.7622,132.7622,132.7622,304.0
2023-01-27 18:00:00,132.8116,132.8116,132.8116,132.8116,253.0
2023-01-27 17:45:00,132.8116,132.8313,132.8116,132.8116,905.0
2023-01-27 17:30:00,132.8708,132.8708,132.8708,132.8708,144.0
2023-01-27 17:00:00,132.861,133.019,132.861,133.019,5537.0
2023-01-27 16:45:00,132.861,132.861,132.861,132.861,2389.0
2023-01-27 16:30:00,132.7523,132.9696,132.7523,132.861,1844.0
2023-01-27 16:15:00,132.7523,133.0684,132.7424,133.0585,107951.0
2023-01-27 16:00:00,133.1623,133.1623,132.6683,132.7424,720812.0
2023-01-27 15:45:00,133.3845,133.4749,133.1277,133.1573,286253.0
2023-01-27 15:30:00,133.3845,133.424,133.1879,133.3756,219598.0
2023-01-27 15:15:00,133.3944,133.5426,133.3746,133.3796,139628.0
2023-01-27 15:00:00,133.2907,133.4662,133.2561,133.3845,128399.0
2023-01-27 14:45:00,133.4537,133.5277,133.2561,133.2907,141786.0
2023-01-27 14:30:00,133.5722,133.6117,133.3945,133.4635,120467.0
2023-01-27 14:15:00,133.503,133.6809,133.4472,133.5821,183149.0
2023-01-27 14:00:00,133.6018,133.6265,133.4537,133.5031,113302.0
2023-01-27 13:45:00,133.4833,133.6858,133.4339,133.6117,114971.0
2023-01-27 13:30:00,133.4741,133.682,133.3845,133.503,129407.0
2023-01-27 13:15:00,133.7105,133.7796,133.4339,133.4734,160046.0
2023-01-27 13:00:00,133.2512,133.8369,133.2166,133.7302,273591.0
2023-01-27 12:45:00,132.9993,133.3055,132.9696,133.2709,93393.0
2023-01-27 12:30:00,132.9301,133.2462,132.9105,133.0091,172035.0
2023-01-27 12:15:00,132.8955,132.9795,132.6239,132.94,177288.0
2023-01-27 12:00:00,132.9499,132.9696,132.861,132.9104,205829.0
2023-01-27 11:45:00,132.5152,133.1079,132.5152,132.9499,186040.0
2023-01-27 11:30:00,132.4214,132.6041,132.3424,132.5152,105423.0
2023-01-27 11:15:00,132.7128,132.8708,132.3275,132.4245,157920.0
2023-01-27 11:00:00,132.2485,132.7721,132.14,132.7375,264092.0
2023-01-27 10:45:00,132.5547,132.6634,132.248,132.2485,383050.0
2023-01-27 10:30:00,132.9795,133.1771,132.535,132.5546,732404.0
2023-01-27 10:15:00,132.9104,133.3549,132.6239,132.9696,520493.0
2023-01-27 10:00:00,133.2265,133.5327,132.8708,132.9252,771064.0
2023-01-27 09:45:00,132.8017,133.2758,132.3473,133.2265,543705.0
2023-01-27 09:30:00,132.861,133.1672,132.7622,133.1573,4101.0
2023-01-27 09:15:00,132.9104,132.9104,132.8116,132.8116,872.0
2023-01-27 09:00:00,132.861,132.9202,132.861,132.9202,2112.0
2023-01-27 08:45:00,132.3769,132.861,132.3769,132.861,5101.0
2023-01-27 08:30:00,132.7227,132.7227,132.6634,132.6634,3368.0
2023-01-27 08:15:00,132.9104,132.9202,132.7227,132.7326,5505.0
2023-01-27 07:45:00,132.9104,132.9104,132.9104,132.9104,1331.0
2023-01-27 07:30:00,132.9104,132.9104,132.7622,132.7622,633.0
2023-01-27 07:15:00,132.9597,133.1573,132.7622,132.8215,5258.0
2023-01-27 07:00:00,133.0091,133.1079,133.0091,133.1079,612.0
2023-01-27 06:45:00,132.9993,132.9993,132.9993,132.9993,229.0
2023-01-27 06:30:00,133.0091,133.0091,133.0091,133.0091,216.0
2023-01-26 20:00:00,132.4263,132.5844,132.4263,132.5646,3232.0
2023-01-26 19:45:00,132.4757,132.4757,132.4757,132.4757,210.0
2023-01-26 19:30:00,132.4362,132.4856,132.4362,132.4856,934.0
2023-01-26 19:15:00,132.3769,132.4362,132.3769,132.4362,200.0
2023-01-26 18:45:00,132.4658,132.4658,132.3967,132.4362,1525.0
2023-01-26 18:30:00,132.6041,132.6041,132.4856,132.4856,846.0
2023-01-26 18:15:00,132.4856,132.4856,132.4856,132.4856,500.0
2023-01-26 18:00:00,132.6535,132.6733,132.5054,132.5054,876.0
2023-01-26 17:45:00,132.5844,132.8116,132.5152,132.5152,2575.0
2023-01-26 17:30:00,132.5844,132.5844,132.5251,132.5251,810.0
2023-01-26 17:00:00,132.5449,132.614,132.5054,132.5943,2972.0
2023-01-26 16:45:00,132.6436,132.6634,132.5449,132.5449,3501.0
2023-01-26 16:30:00,132.7536,132.7622,132.5646,132.5646,3734.0
2023-01-26 16:15:00,132.8116,132.8807,132.6634,132.7819,91559.0
2023-01-26 16:00:00,132.9104,133.2363,132.5547,132.8116,1206065.0
2023-01-26 15:45:00,133.7401,133.7994,132.8412,132.9153,618678.0
2023-01-26 15:30:00,133.7105,133.8586,133.3944,133.7401,559532.0
2023-01-26 15:15:00,133.3302,133.7993,133.3055,133.7105,435570.0
2023-01-26 15:00:00,133.4894,133.8982,133.2363,133.345,547322.0
2023-01-26 14:45:00,132.9104,133.5969,132.8313,133.4882,346639.0
2023-01-26 14:30:00,132.94,133.1771,132.5943,132.9087,433331.0
2023-01-26 14:15:00,133.0783,133.2166,132.8807,132.9449,328340.0
2023-01-26 14:00:00,132.777,133.3055,132.6338,133.0882,492799.0
2023-01-26 13:45:00,132.4613,132.9499,132.3769,132.7622,337940.0
2023-01-26 13:30:00,132.2485,132.5844,132.1201,132.4856,330312.0
2023-01-26 13:15:00,131.7151,132.288,131.6657,132.288,356029.0
2023-01-26 13:00:00,131.7694,131.883,131.478,131.725,396453.0
2023-01-26 12:45:00,132.3522,132.4165,131.7744,131.804,305866.0
2023-01-26 12:30:00,132.4461,132.4955,132.0905,132.3473,264510.0
2023-01-26 12:15:00,132.3769,132.9202,132.2683,132.4561,328996.0
2023-01-26 12:00:00,132.6338,132.6634,132.0905,132.3671,416528.0
2023-01-26 11:45:00,132.2386,132.851,132.2386,132.6547,520345.0
2023-01-26 11:30:00,131.7645,132.288,131.7398,132.2122,684351.0
2023-01-26 11:15:00,132.2683,132.3868,131.3595,131.7941,964232.0
2023-01-26 11:00:00,132.5054,132.8215,132.0806,132.2732,705504.0
2023-01-26 10:45:00,133.266,133.5623,132.4481,132.4905,577897.0
2023-01-26 10:30:00,132.614,133.7698,132.4757,133.2956,760198.0
2023-01-26 10:15:00,133.9081,134.7378,132.5844,132.614,1030228.0
2023-01-26 10:00:00,133.7698,134.5007,133.4537,133.8873,887840.0
2023-01-26 09:45:00,135.854,136.585,132.8116,133.7994,2671354.0
2023-01-26 09:30:00,136.022,136.8122,135.6599,135.8244,51532.0
2023-01-26 09:15:00,136.0072,136.1701,135.8244,136.1208,23620.0
2023-01-26 09:00:00,135.7256,136.022,135.7256,135.9726,14028.0
2023-01-26 08:45:00,135.4392,136.1109,135.1329,135.6268,22261.0
2023-01-26 08:30:00,135.4783,135.5182,135.0342,135.5182,14333.0
2023-01-26 08:15:00,135.8244,136.3282,134.9848,135.4984,50453.0
2023-01-26 08:00:00,136.2195,136.3183,135.8442,135.8442,8083.0
2023-01-26 07:45:00,136.1208,136.3084,136.0911,136.0911,2687.0
2023-01-26 07:30:00,135.7651,136.0714,135.5873,135.8837,7013.0
2023-01-26 07:15:00,136.2986,136.2986,135.6268,135.6268,7711.0
2023-01-26 07:00:00,136.2986,136.2986,136.1208,136.1208,816.0
2023-01-26 06:45:00,136.0714,136.0714,136.0714,136.0714,371.0
2023-01-26 06:30:00,136.2294,136.2294,136.0022,136.0714,1981.0
2023-01-26 06:15:00,136.2887,136.2887,136.2887,136.2887,220.0
2023-01-26 06:00:00,136.2986,136.2986,136.2986,136.2986,200.0
2023-01-26 05:45:00,136.3183,136.3183,136.3183,136.3183,338.0
2023-01-26 04:30:00,136.8912,137.1876,136.0121,136.2097,34663.0
2023-01-26 04:15:00,136.6245,137.2963,136.6245,136.8122,1540.0
2023-01-25 20:00:00,136.3183,136.3183,136.2196,136.2986,10543.0
2023-01-25 19:45:00,136.2195,136.3183,136.2195,136.3183,6062.0
2023-01-25 19:30:00,136.2195,136.2195,135.9528,136.1208,5697.0
2023-01-25 19:15:00,136.3183,136.3183,136.2097,136.2097,3892.0
2023-01-25 19:00:00,136.1208,136.3183,136.0022,136.3183,12284.0
2023-01-25 18:45:00,136.3183,136.3183,135.8738,136.0714,8177.0
2023-01-25 18:30:00,136.1405,136.3084,136.0121,136.3084,10020.0
2023-01-25 18:15:00,135.8244,136.3183,135.8244,136.2097,18267.0
2023-01-25 18:00:00,135.775,139.0447,135.4688,135.8193,21563.0
2023-01-25 17:45:00,135.8244,135.9429,135.4392,135.6762,21410.0
2023-01-25 17:30:00,136.0022,136.6641,135.5852,135.5852,48799.0
2023-01-25 17:15:00,135.5873,136.5554,135.5281,136.0022,62455.0
2023-01-25 17:00:00,136.8122,137.2271,135.3503,135.5775,121133.0
2023-01-25 16:45:00,139.0842,139.2719,136.4171,136.4171,73518.0
2023-01-25 16:30:00,139.3805,139.5781,138.5903,139.2027,175866.0
2023-01-25 16:15:00,139.0447,142.7391,136.9011,139.4793,204576.0
2023-01-25 16:00:00,138.9607,139.0447,138.7088,139.0249,1038455.0
2023-01-25 15:45:00,139.2126,139.3114,138.8076,138.9607,484909.0
2023-01-25 15:30:00,139.0348,139.2027,138.8471,139.2027,268665.0
2023-01-25 15:15:00,139.0842,139.2521,138.9558,139.0348,269469.0
2023-01-25 15:00:00,138.7829,139.104,138.6792,139.0842,209390.0
2023-01-25 14:45:00,138.8965,138.9755,138.7385,138.7878,178986.0
2023-01-25 14:30:00,138.9607,139.2373,138.8866,138.8866,144730.0
2023-01-25 14:15:00,138.9558,138.9953,138.7385,138.9459,122690.0
2023-01-25 14:00:00,138.936,139.0585,138.7977,138.9558,205736.0
2023-01-25 13:45:00,138.9064,139.0052,138.7681,138.9508,200253.0
2023-01-25 13:30:00,138.3828,138.936,138.3687,138.8832,155989.0
2023-01-25 13:15:00,138.2379,138.4322,138.131,138.373,145611.0
2023-01-25 13:00:00,138.3038,138.3137,138.1556,138.2347,107283.0
2023-01-25 12:45:00,138.2989,138.3631,138.2149,138.3236,116026.0
2023-01-25 12:30:00,138.047,138.3236,138.0371,138.2989,148050.0
2023-01-25 12:15:00,138.6397,138.6792,137.9778,138.047,329069.0
2023-01-25 12:00:00,138.2841,138.8274,138.1458,138.6347,179325.0
2023-01-25 11:45:00,138.5211,138.5508,138.1754,138.2446,173560.0
2023-01-25 11:30:00,138.2742,138.7879,138.1952,138.5211,260536.0
2023-01-25 11:15:00,137.9729,138.2643,137.7704,138.2594,158615.0
2023-01-25 11:00:00,137.9235,138.0816,137.6617,138.0025,164653.0
2023-01-25 10:45:00,138.2791,138.3137,137.7605,137.9334,234988.0
2023-01-25 10:30:00,138.3335,138.5656,138.2149,138.2841,153919.0
2023-01-25 10:15:00,138.1458,138.61,138.0964,138.3532,215134.0
2023-01-25 10:00:00,138.3285,138.5113,138.0667,138.1952,164673.0
2023-01-25 09:45:00,138.7582,138.847,137.8988,138.3335,275547.0
2023-01-25 09:30:00,138.778,138.8866,138.7681,138.7879,2242.0
2023-01-25 09:15:00,139.1533,139.1533,138.8768,138.8768,989.0
2023-01-25 09:00:00,138.5325,139.2506,138.5325,139.2506,317.0
2023-01-25 08:45:00,139.2808,139.2808,138.6891,139.257,1122.0
2023-01-25 08:15:00,139.2818,139.5583,139.2818,139.2818,3308.0
2023-01-25 08:00:00,139.3114,139.3114,139.3114,139.3114,100.0
2023-01-25 07:45:00,139.5188,139.5485,139.5188,139.5485,597.0
2023-01-25 07:15:00,139.5287,139.5287,139.5287,139.5287,309.0
2023-01-25 04:30:00,139.7954,139.7954,139.7954,139.7954,384.0
2023-01-24 20:00:00,139.3311,139.7164,139.3311,139.7164,472.0
2023-01-24 19:15:00,139.4991,139.4991,139.4991,139.4991,669.0
2023-01-24 18:30:00,139.8349,139.8349,139.7559,139.7559,1551.0
2023-01-24 18:15:00,140.072,140.072,140.072,140.072,100.0
2023-01-24 18:00:00,140.072,140.072,140.072,140.072,721.0
2023-01-24 17:45:00,140.072,140.2696,140.072,140.2696,466.0
2023-01-24 17:30:00,140.0819,140.0819,140.072,140.072,1000.0
2023-01-24 17:00:00,140.8129,140.8129,140.072,140.072,297.0
2023-01-24 16:45:00,140.5165,140.5165,139.7658,140.1214,8441.0
2023-01-24 16:30:00,140.2696,140.2696,140.2696,140.2696,3670.0
2023-01-24 16:15:00,139.7658,141.1685,139.7658,140.2696,368603.0
2023-01-24 16:00:00,139.5682,139.9633,139.4843,139.7658,579764.0
2023-01-24 15:45:00,140.072,140.0918,139.5534,139.5781,154653.0
2023-01-24 15:30:00,140.0918,140.1412,139.9831,140.072,107747.0
2023-01-24 15:15:00,140.0918,140.1708,139.993,140.1016,115824.0
2023-01-24 15:00:00,139.9535,140.0967,139.9535,140.0769,122937.0
2023-01-24 14:45:00,139.8349,139.9831,139.8349,139.9436,70739.0
2023-01-24 14:30:00,139.5781,139.8498,139.5386,139.8399,69730.0
2023-01-24 14:15:00,139.8646,139.8744,139.5583,139.5732,74797.0
2023-01-24 14:00:00,139.8448,139.9732,139.8153,139.8843,65805.0
2023-01-24 13:45:00,139.7362,139.8646,139.6769,139.8448,70515.0
2023-01-24 13:30:00,139.8547,140.2004,139.7164,139.7274,327257.0
2023-01-24 13:15:00,139.7559,139.8942,139.6571,139.8448,78053.0
2023-01-24 13:00:00,139.751,139.8053,139.5979,139.7658,90980.0
2023-01-24 12:45:00,139.7954,139.8251,139.667,139.7559,62129.0
2023-01-24 12:30:00,139.8646,139.9337,139.7658,139.8053,58793.0
2023-01-24 12:15:00,140.0918,140.0918,138.2939,139.8646,112473.0
2023-01-24 12:00:00,140.1807,140.2301,140.0127,140.1016,133382.0
2023-01-24 11:45:00,140.6647,140.6746,140.1609,140.1905,136894.0
2023-01-24 11:30:00,140.5363,140.6746,140.3684,140.6647,122654.0
2023-01-24 11:15:00,140.9314,140.9314,140.5165,140.556,131482.0
2023-01-24 11:00:00,140.4573,141.0104,140.4375,140.9018,207995.0
2023-01-24 10:45:00,140.2399,140.4869,140.0029,140.4474,175311.0
2023-01-24 10:30:00,139.8744,140.2696,139.6769,140.2449,121119.0
2023-01-24 10:15:00,139.6472,140.1016,139.6176,139.8646,107655.0
2023-01-24 10:00:00,139.2916,139.9584,139.1336,139.6176,129396.0
2023-01-24 09:45:00,139.5287,140.6153,138.2939,139.2818,261327.0
2023-01-24 09:30:00,139.9041,140.2696,139.5781,139.6571,5672.0
2023-01-24 09:15:00,139.5781,140.0819,139.5781,140.0819,900.0
2023-01-24 08:00:00,140.0325,140.0325,140.0325,140.0325,114.0
2023-01-24 07:45:00,140.1115,140.1115,140.1115,140.1115,210.0
2023-01-24 06:45:00,140.1708,140.1708,140.1708,140.1708,100.0
2023-01-24 06:30:00,139.914,140.2696,139.914,140.2696,1559.0
2023-01-23 19:30:00,140.1313,140.1313,140.1313,140.1313,516.0
2023-01-23 18:00:00,140.2696,140.2696,140.2696,140.2696,320.0
2023-01-23 17:30:00,140.072,140.072,140.072,140.072,170.0
2023-01-23 16:30:00,140.1313,140.1313,140.1313,140.1313,30805.0
2023-01-23 16:15:00,140.1313,140.1313,140.1313,140.1313,57733.0
2023-01-23 16:00:00,140.0325,140.2498,139.9337,140.1313,538465.0
2023-01-23 15:45:00,139.9689,140.1214,139.8893,140.0226,164629.0
2023-01-23 15:30:00,140.0424,140.1313,139.83,139.9633,156859.0
2023-01-23 15:15:00,139.8843,140.1214,139.8399,140.0264,157630.0
2023-01-23 15:00:00,140.1905,140.1905,139.7559,139.8695,111803.0
2023-01-23 14:45:00,140.2399,140.4275,140.2103,140.2103,114056.0
2023-01-23 14:30:00,140.8227,140.8227,140.2004,140.2409,74362.0
2023-01-23 14:15:00,140.887,140.9438,140.7101,140.8326,160495.0
2023-01-23 14:00:00,140.8721,141.045,140.8425,140.882,113234.0
2023-01-23 13:45:00,140.3881,140.8968,140.3821,140.8721,120784.0
2023-01-23 13:30:00,140.4079,140.7462,140.3782,140.3832,112317.0
2023-01-23 13:15:00,140.156,140.4375,140.1214,140.4276,82114.0
2023-01-23 13:00:00,140.2498,140.2646,140.0325,140.1609,75050.0
2023-01-23 12:45:00,140.2696,140.5462,140.2004,140.2696,121715.0
2023-01-23 12:30:00,140.2399,140.477,140.2054,140.2597,102698.0
2023-01-23 12:15:00,140.6845,140.7141,140.2399,140.2548,138337.0
2023-01-23 12:00:00,140.9759,141.2426,140.6449,140.6845,176649.0
2023-01-23 11:45:00,140.5215,140.9709,139.9831,140.9512,680597.0
2023-01-23 11:30:00,140.1115,140.6746,140.072,140.4879,212046.0
2023-01-23 11:15:00,139.5682,140.2004,139.5139,140.1016,204471.0
2023-01-23 11:00:00,139.3707,139.7263,139.341,139.5682,123988.0
2023-01-23 10:45:00,139.8349,139.8942,139.3707,139.3805,124563.0
2023-01-23 10:30:00,139.746,140.0523,139.7263,139.8349,394931.0
2023-01-23 10:15:00,139.751,139.7757,139.4398,139.7411,431527.0
2023-01-23 10:00:00,139.6571,139.8349,139.588,139.7411,202880.0
2023-01-23 09:45:00,139.6769,140.1066,139.4991,139.667,326692.0
2023-01-23 09:30:00,139.9238,139.993,139.9238,139.993,864.0
2023-01-23 09:00:00,139.6966,139.7855,139.6966,139.6966,679.0
2023-01-23 08:45:00,139.7757,140.0815,139.588,140.0815,2576.0
2023-01-23 08:30:00,139.7757,139.8547,139.7757,139.8547,701.0
2023-01-23 08:15:00,139.6769,139.6769,139.6769,139.6769,365.0
2023-01-23 08:00:00,139.7263,139.7263,139.7263,139.7263,126.0
2023-01-23 07:00:00,139.8744,139.8744,139.8744,139.8744,533.0
