date,1. open,2. high,3. low,4. close,5. adjusted close,6. volume,7. dividend amount
2023-03-03,131.42,131.87,127.71,129.64,129.64,17865677.0,0.0
2023-02-24,134.0,134.385,128.86,130.57,130.57,14198950.0,0.0
2023-02-17,136.0,137.39,133.89,135.02,135.02,16543870.0,0.0
2023-02-10,135.83,136.74,133.34,135.6,135.6,22140989.0,1.65
2023-02-03,134.32,136.95,132.8,136.94,135.2712,27874571.0,0.0
2023-01-27,141.4,142.985,132.98,134.39,132.7523,43345140.0,0.0
2023-01-20,146.42,147.18,139.75,141.2,139.4793,21419368.0,0.0
2023-01-13,144.08,146.66,142.9,145.89,144.1122,14580596.0,0.0
2023-01-06,141.1,144.25,140.01,143.7,141.9489,13648755.0,0.0
2022-12-30,141.73,142.81,139.45,140.89,139.1731,10477419.0,0.0
2022-12-23,140.16,143.09,137.195,141.65,139.9238,19663576.0,0.0
2022-12-16,147.82,153.21,138.97,140.16,138.452,33572382.0,0.0
2022-12-09,147.94,149.153,146.29,147.05,145.258,15316930.0,0.0
2022-12-02,147.98,150.01,145.67,148.67,146.8583,20066941.0,0.0
2022-11-25,147.55,150.46,146.45,148.37,146.5619,16271883.0,0.0
2022-11-18,142.63,148.31,142.0,147.64,145.8408,22034930.0,0.0
2022-11-11,136.64,144.13,136.51,143.17,141.4253,25066114.0,1.65
2022-11-04,138.06,140.17,133.97,136.96,133.6855,22491556.0,0.0
2022-10-28,130.9,138.8615,129.85,138.51,135.1984,26667185.0,0.0
2022-10-21,121.8,130.845,121.43,129.9,126.7943,37309868.0,0.0
2022-10-14,119.79,122.54,115.545,120.04,117.17,22973512.0,0.0
2022-10-07,120.16,126.46,118.07,118.82,115.9792,21614952.0,0.0
2022-09-30,122.3,124.26,118.61,118.81,115.9694,22265241.0,0.0
2022-09-23,126.49,128.06,121.74,122.71,119.7762,19442664.0,0.0
2022-09-16,130.33,130.99,123.83,127.27,124.2272,27107187.0,0.0
2022-09-09,127.8,129.49,126.28,129.19,126.1012,12004834.0,0.0
2022-09-02,129.99,131.42,127.24,127.79,124.7347,15086608.0,0.0
2022-08-26,137.65,137.85,130.34,130.38,127.2628,16982107.0,0.0
2022-08-19,132.96,139.34,132.24,138.37,135.0618,17105977.0,0.0
2022-08-12,133.1,134.09,129.12,134.01,130.806,17254110.0,1.65
2022-08-05,130.75,132.862,130.51,132.48,127.6853,17400572.0,0.0
2022-07-29,128.44,131.0,127.58,130.79,126.0565,22223785.0,0.0
2022-07-22,140.15,140.31,125.13,128.25,123.6084,66246811.0,0.0
2022-07-15,140.62,141.87,135.02,139.92,134.8561,21089228.0,0.0
2022-07-08,139.97,141.325,135.27,140.47,135.3862,16229131.0,0.0
2022-07-01,142.26,144.155,139.26,141.12,136.0126,21052787.0,0.0
2022-06-24,135.9,142.37,135.9,142.06,136.9186,23921844.0,0.0
2022-06-17,133.97,138.45,132.85,135.02,130.1334,34055621.0,0.0
2022-06-10,142.98,144.73,135.25,136.19,131.2611,18914084.0,0.0
2022-06-03,138.2,142.5794,136.81,141.18,136.0705,19861566.0,0.0
2022-05-27,129.5,139.7394,129.42,139.27,134.2296,19618090.0,0.0
2022-05-20,133.1,138.37,125.8,128.48,123.8301,27360441.0,0.0
2022-05-13,134.41,136.345,128.43,133.6,128.7648,31171489.0,1.65
2022-05-06,133.0,137.99,130.89,137.67,131.0788,27079586.0,0.0
2022-04-29,137.59,139.87,132.0,132.21,125.8802,24560464.0,0.0
2022-04-22,126.6,141.88,125.53,138.25,131.631,47056765.0,0.0
2022-04-14,127.95,130.58,124.91,126.56,120.5007,15342641.0,0.0
2022-04-08,130.26,131.23,126.73,127.73,121.6147,16553021.0,0.0
2022-04-01,130.82,133.08,128.06,130.15,123.9188,19183786.0,0.0
2022-03-25,129.0,131.4,127.4,131.35,125.0613,15440952.0,0.0
2022-03-18,124.45,128.93,122.685,128.76,122.5953,22675632.0,0.0
2022-03-11,126.47,128.345,123.125,123.96,118.0251,23784887.0,0.0
2022-03-04,122.21,127.35,120.7,126.62,120.5578,26131658.0,0.0
2022-02-25,124.2,125.0,118.81,124.18,118.2346,20417161.0,0.0
2022-02-18,132.59,132.65,123.61,124.35,118.3965,26022824.0,0.0
2022-02-11,137.45,138.35,132.38,132.69,126.3372,23489144.0,1.64
2022-02-04,134.09,138.82,132.3,137.15,128.9992,27665550.0,0.0
2022-01-28,127.99,137.3361,124.193,134.5,126.5067,52800401.0,0.0
2022-01-21,132.95,133.9,129.27,129.35,121.6627,20520487.0,0.0
2022-01-14,134.47,136.2,127.97,134.21,126.2339,32044685.0,0.0
2022-01-07,134.07,142.2,132.51,134.83,126.8171,36013766.0,0.0
2021-12-31,130.63,134.99,129.95,133.66,125.7166,18454937.0,0.0
2021-12-23,125.72,130.96,124.7,130.63,122.8667,17369625.0,0.0
2021-12-17,123.76,128.64,120.79,127.4,119.8286,35216850.0,0.0
2021-12-10,119.4,125.33,119.4,124.09,116.7153,25031512.0,0.0
2021-12-03,118.62,119.61,116.45,118.84,111.7773,36059651.0,0.0
2021-11-26,116.0,118.81,114.56,115.81,108.9274,17875027.0,0.0
2021-11-19,119.54,120.16,115.27,116.05,109.1531,24272797.0,0.0
2021-11-12,123.985,124.78,118.78,118.96,111.8902,29109912.0,1.64
2021-11-05,125.05,127.29,119.9,123.61,114.7072,29791780.0,0.0
2021-10-29,127.53,128.65,124.62,125.1,110.9846,34288134.0,0.0
2021-10-22,144.0,144.94,126.611,127.88,113.4509,59731582.0,0.0
2021-10-15,143.5,144.85,139.66,144.61,128.2932,16262687.0,0.0
2021-10-08,142.74,146.0,140.89,143.22,127.0601,27211291.0,0.0
2021-10-01,137.96,143.97,136.44,143.32,127.1488,23824191.0,0.0
2021-09-24,133.9,138.48,132.78,137.49,121.9766,18425230.0,0.0
2021-09-17,138.4,138.99,135.05,135.23,119.9716,20130213.0,0.0
2021-09-10,139.65,139.79,137.0,137.02,121.5596,13754250.0,0.0
2021-09-03,139.5,140.94,138.815,139.58,123.8308,13345045.0,0.0
2021-08-27,139.62,140.8,138.4,139.41,123.68,12376600.0,0.0
2021-08-20,143.23,143.74,137.21,139.11,123.4138,16189007.0,0.0
2021-08-13,142.2,143.58,140.34,143.18,127.0246,18462255.0,1.64
2021-08-06,141.45,144.7,141.03,144.09,126.3647,16428567.0,0.0
2021-07-30,141.39,143.64,140.79,140.96,123.6198,16120616.0,0.0
2021-07-23,136.45,144.92,136.2089,141.34,123.953,34786264.0,0.0
2021-07-16,141.43,141.9599,138.59,138.9,121.8132,18659679.0,0.0
2021-07-09,139.99,141.98,137.1,141.52,124.1109,21544898.0,0.0
2021-07-02,147.01,147.5,139.46,140.02,122.7954,29077036.0,0.0
2021-06-25,144.11,147.07,144.06,146.84,128.7765,17129373.0,0.0
2021-06-18,150.71,151.03,143.04,143.12,125.5141,23177438.0,0.0
2021-06-11,147.55,152.84,147.17,151.28,132.6703,22042806.0,0.0
2021-06-04,145.0,147.55,143.75,147.42,129.2851,12453017.0,0.0
2021-05-28,145.06,145.39,143.04,143.74,126.0578,18483838.0,0.0
2021-05-21,144.44,145.8,140.92,144.74,126.9348,20546126.0,0.0
2021-05-14,145.8,148.38,141.14,144.68,126.8822,27415665.0,0.0
2021-05-07,143.81,148.515,143.55,145.46,127.5662,31590796.0,1.64
2021-04-30,142.42,148.74,140.55,141.88,123.0394,25588990.0,0.0
2021-04-23,133.6,144.74,132.58,142.43,123.5164,47246234.0,0.0
2021-04-16,135.02,135.37,130.38,133.59,115.8502,26831249.0,0.0
2021-04-09,133.64,136.69,133.4,135.73,117.7061,19179860.0,0.0
2021-04-01,135.98,137.07,132.27,133.23,115.538,18432506.0,0.0
2021-03-26,128.5,136.48,127.89,136.38,118.2698,23647858.0,0.0
2021-03-19,127.77,130.995,127.34,128.9,111.783,28046462.0,0.0
2021-03-12,122.99,128.64,122.88,127.61,110.6643,29253064.0,0.0
2021-03-05,120.35,123.75,118.755,122.83,106.5191,32662092.0,0.0
2021-02-26,118.5,124.35,118.44,118.93,103.137,30731807.0,0.0
2021-02-19,120.15,120.94,118.38,118.99,103.189,22567552.0,0.0
2021-02-12,122.62,123.9767,120.09,120.8,104.7587,24634263.0,1.63
2021-02-05,119.9,121.81,118.12,121.79,104.2258,28405606.0,0.0
2021-01-29,118.7624,124.79,117.45,119.11,101.9323,56437187.0,0.0
2021-01-22,129.28,132.24,117.36,118.61,101.5044,61879427.0,0.0
2021-01-15,127.95,130.16,126.455,128.39,109.874,29417959.0,0.0
2021-01-08,125.85,131.88,123.04,128.53,109.9938,28434389.0,0.0
2020-12-31,125.1,126.6,123.24,125.88,107.726,14025419.0,0.0
2020-12-24,123.97,125.21,121.72,124.69,106.7076,14908439.0,0.0
2020-12-18,125.32,126.5728,123.44,125.85,107.7003,25280527.0,0.0
2020-12-11,126.49,127.69,123.61,124.27,106.3482,29511629.0,0.0
2020-12-04,124.1,127.38,122.41,127.2,108.8556,24848983.0,0.0
2020-11-27,117.43,125.313,117.27,124.35,106.4166,19418148.0,0.0
2020-11-20,118.3,118.88,115.89,116.94,100.0753,22498909.0,0.0
2020-11-13,117.88,119.74,113.48,116.85,99.9982,30088820.0,1.63
2020-11-06,112.65,115.65,111.16,114.04,96.2357,25467232.0,0.0
2020-10-30,114.45,114.9,105.92,111.66,94.2273,37250916.0,0.0
2020-10-23,126.8,127.35,112.98,116.0,97.8897,50486636.0,0.0
2020-10-16,128.07,128.25,123.85,125.93,106.2694,21874963.0,0.0
2020-10-09,121.84,135.5,121.05,127.79,107.839,43381507.0,0.0
2020-10-02,120.57,123.3,118.82,120.57,101.7462,15038264.0,0.0
2020-09-25,120.48,121.59,116.48,118.95,100.3791,18708494.0,0.0
2020-09-18,122.36,125.82,121.76,122.76,103.5943,18909398.0,0.0
2020-09-11,122.16,123.7,120.24,121.46,102.4973,16507866.0,0.0
2020-09-04,125.25,129.95,121.24,122.3,103.2061,26310920.0,0.0
2020-08-28,123.79,126.82,123.36,125.07,105.5437,16959794.0,0.0
2020-08-21,125.25,125.59,122.31,123.16,103.9319,15908978.0,0.0
2020-08-14,125.42,130.47,123.91,125.27,105.7124,18634659.0,0.0
2020-08-07,123.5,126.75,122.15,124.96,105.4508,17701697.0,1.63
2020-07-31,124.86,126.34,121.09,122.94,102.4104,20010578.0,0.0
2020-07-24,126.07,132.17,125.14,125.79,104.7844,41040414.0,0.0
2020-07-17,119.78,125.63,117.92,125.11,104.218,21958911.0,0.0
2020-07-10,121.25,121.85,115.2,118.35,98.5868,22560031.0,0.0
2020-07-02,117.98,121.42,117.37,119.7,99.7114,16478700.0,0.0
2020-06-26,122.12,122.9,115.88,117.19,97.6205,35016186.0,0.0
2020-06-19,119.19,127.5,118.29,122.47,102.0188,24867689.0,0.0
2020-06-12,132.27,135.88,117.84,121.91,101.5524,33456639.0,0.0
2020-06-05,124.64,134.23,124.03,132.06,110.0074,19514867.0,0.0
2020-05-29,121.3,126.97,121.01,124.9,104.0431,23037728.0,0.0
2020-05-22,119.88,122.47,117.59,118.39,98.6202,19484187.0,0.0
2020-05-15,121.81,124.32,111.81,116.98,97.4456,24229073.0,0.0
2020-05-08,120.82,124.32,119.39,122.99,102.452,21189890.0,1.63
2020-05-01,125.56,129.31,121.39,121.87,100.1722,26502989.0,0.0
2020-04-24,119.15,125.0,112.06,124.72,102.5148,41252209.0,0.0
2020-04-17,121.63,125.18,114.42,120.12,98.7337,27240371.0,0.0
2020-04-09,110.35,122.92,110.13,121.5,99.868,23351117.0,0.0
2020-04-03,108.09,113.81,104.52,106.34,87.4071,28882211.0,0.0
2020-03-27,94.6,113.15,90.56,108.03,88.7963,39907532.0,0.0
2020-03-20,98.0,107.41,94.71,95.39,78.4067,47138046.0,0.0
2020-03-13,120.16,124.88,100.81,107.95,88.7305,55580046.0,0.0
2020-03-06,130.75,136.1,124.52,127.73,104.9889,35054761.0,0.0
2020-02-28,145.51,148.05,126.36,130.15,106.978,38480655.0,0.0
2020-02-21,149.79,151.89,148.84,149.84,123.1624,12493166.0,0.0
2020-02-14,152.97,155.6,149.77,150.7,123.8693,23423757.0,0.0
2020-02-07,144.25,158.75,143.9,153.41,126.0968,43694755.0,1.62
2020-01-31,138.5,144.05,134.97,143.73,116.9057,34661511.0,0.0
2020-01-24,137.81,145.79,137.6,140.56,114.3273,34829367.0,0.0
2020-01-17,135.48,138.33,135.07,138.31,112.4972,20831539.0,0.0
2020-01-10,133.42,137.87,133.2,136.69,111.1796,17020619.0,0.0
2020-01-03,135.2,135.92,132.4,134.34,109.2681,13418364.0,0.0
2019-12-27,135.78,136.15,134.61,135.27,110.0246,8887084.0,0.0
2019-12-20,134.94,136.42,133.46,135.59,110.2848,20036502.0,0.0
2019-12-13,133.35,135.66,133.26,134.21,109.1624,17504239.0,0.0
2019-12-06,134.45,134.5,130.69,133.22,108.3572,17337693.0,0.0
2019-11-29,134.47,136.15,133.03,134.45,109.3576,11502959.0,0.0
2019-11-22,134.3,135.38,132.75,134.34,109.2681,16963107.0,0.0
2019-11-15,137.2,137.2,133.33,134.4,109.3169,16169172.0,0.0
2019-11-08,136.24,139.14,136.16,137.61,111.9279,17174941.0,1.62
2019-11-01,136.0,136.63,133.2,135.53,108.9541,16136475.0,0.0
2019-10-25,132.61,135.93,130.9,135.44,108.8818,19388201.0,0.0
2019-10-18,142.31,143.72,132.25,134.09,107.7965,34208011.0,0.0
2019-10-11,142.26,144.5,138.25,142.76,114.7664,14096608.0,0.0
2019-10-04,143.73,147.35,139.18,142.99,114.9513,15911420.0,0.0
2019-09-27,141.19,145.09,140.56,143.24,115.1523,12376163.0,0.0
2019-09-20,142.56,145.03,140.51,141.88,114.059,15262993.0,0.0
2019-09-13,140.59,145.46,140.46,143.67,115.498,17776693.0,0.0
2019-09-06,134.85,141.7,133.33,140.57,113.0059,12663912.0,0.0
2019-08-30,131.05,136.07,129.16,135.53,108.9541,16211916.0,0.0
2019-08-23,134.88,136.33,128.83,129.57,104.1628,16504912.0,0.0
2019-08-16,135.66,136.57,130.25,133.76,107.5312,20933133.0,0.0
2019-08-09,144.98,145.1,135.35,136.13,109.4365,28623442.0,1.62
2019-08-02,151.11,152.95,145.59,147.25,117.0228,22876887.0,0.0
2019-07-26,150.16,151.94,148.38,151.36,120.2891,16794485.0,0.0
2019-07-19,142.89,151.58,141.95,149.68,118.954,31893327.0,0.0
2019-07-12,141.05,142.92,139.13,142.74,113.4386,13194248.0,0.0
2019-07-05,139.6,141.82,139.28,141.38,112.3578,9862722.0,0.0
2019-06-28,139.2,140.15,137.84,137.9,109.5922,15575818.0,0.0
2019-06-21,135.39,139.54,134.7,139.2,110.6253,15851123.0,0.0
2019-06-14,134.38,136.46,133.91,135.15,107.4067,13722199.0,0.0
2019-06-07,127.1,134.72,127.06,133.31,105.9444,16193845.0,0.0
2019-05-31,132.13,132.64,126.85,126.99,100.9218,14869322.0,0.0
2019-05-24,133.53,137.06,130.44,132.28,105.1258,15557532.0,0.0
2019-05-17,133.28,136.11,130.96,134.32,106.7471,16426011.0,0.0
2019-05-10,138.3,140.69,132.42,135.32,107.5418,19509963.0,1.62
2019-05-03,139.15,141.81,138.68,140.25,110.1414,16772230.0,0.0
2019-04-26,139.42,141.31,137.71,139.44,109.5053,16961387.0,0.0
2019-04-18,144.4,145.39,136.26,140.33,110.2042,27390537.0,0.0
2019-04-12,143.02,144.44,141.84,144.35,113.3612,13675882.0,0.0
2019-04-05,141.51,144.22,141.51,143.28,112.5209,14574262.0,0.0
2019-03-29,139.06,141.22,138.35,141.1,110.8089,14257045.0,0.0
2019-03-22,139.83,142.12,138.72,139.45,109.5131,17883337.0,0.0
2019-03-15,136.03,140.33,135.84,139.43,109.4974,20959826.0,0.0
2019-03-08,139.99,140.08,133.58,135.09,106.0891,18558647.0,0.0
2019-03-01,140.0,140.49,137.72,139.2,109.3168,15273342.0,0.0
2019-02-22,137.81,139.38,137.22,139.25,109.3561,13238819.0,0.0
2019-02-15,134.29,138.19,133.91,138.03,108.398,17299173.0,0.0
2019-02-08,134.02,136.65,132.12,133.71,105.0054,21874687.0,1.57
2019-02-01,133.1,135.41,132.58,134.1,104.0848,23585862.0,0.0
2019-01-25,123.3,135.0,121.54,133.97,103.9838,44147478.0,0.0
2019-01-18,120.51,124.72,119.76,123.82,96.1057,23616108.0,0.0
2019-01-11,117.5,121.86,116.67,121.46,94.2739,19780844.0,0.0
2019-01-04,113.33,117.49,111.69,117.32,91.0606,18047093.0,0.0
2018-12-28,109.9,114.8,105.94,113.03,87.7308,21630293.0,0.0
2018-12-21,119.07,120.27,110.44,110.94,86.1086,39485288.0,0.0
2018-12-14,119.74,123.81,118.52,119.9,93.0631,23701178.0,0.0
2018-12-07,125.67,126.59,118.87,119.34,92.6284,25801474.0,0.0
2018-11-30,118.37,124.69,118.06,124.27,96.455,27471124.0,0.0
2018-11-23,121.63,122.18,116.7,117.19,90.9597,18035587.0,0.0
2018-11-16,123.5,123.57,119.51,121.57,94.3593,23510061.0,0.0
2018-11-09,116.1,125.06,116.0,123.54,95.8884,48482997.0,1.57
2018-11-02,119.34,123.95,114.09,115.67,88.6518,87773431.0,0.0
2018-10-26,129.58,131.9,123.71,124.79,95.6416,36964774.0,0.0
2018-10-19,140.38,145.45,127.96,129.1,98.9448,50928336.0,0.0
2018-10-12,148.5,149.07,138.78,140.85,107.9503,27703434.0,0.0
2018-10-05,151.71,154.36,147.87,149.03,114.2196,18943237.0,0.0
2018-09-28,151.1,153.35,148.36,151.21,115.8904,22847744.0,0.0
2018-09-21,148.44,152.6,147.47,151.35,115.9977,37327961.0,0.0
2018-09-14,146.6,149.3,145.25,148.33,113.6831,20298346.0,0.0
2018-09-07,145.98,147.66,144.81,145.45,111.4758,15394651.0,0.0
2018-08-31,146.94,147.93,145.25,146.48,112.2652,15929583.0,0.0
2018-08-24,146.37,147.16,144.75,146.04,111.928,12992907.0,0.0
2018-08-17,144.15,146.39,142.0,146.06,111.9433,17890077.0,0.0
2018-08-10,146.95,147.64,143.88,144.48,110.7324,17100909.0,1.57
2018-08-03,144.8,147.92,142.33,147.7,111.9858,24366161.0,0.0
2018-07-27,146.35,149.27,144.66,145.15,110.0524,19940363.0,0.0
2018-07-20,145.67,150.54,142.74,146.35,110.9622,36572622.0,0.0
2018-07-13,142.59,146.98,142.47,145.9,110.621,17395351.0,0.0
2018-07-06,138.28,142.94,138.2,142.48,108.028,12024030.0,0.0
2018-06-29,140.4,141.36,137.45,139.7,105.9202,25451478.0,0.0
2018-06-22,144.18,144.52,140.78,141.28,107.1181,21004666.0,0.0
2018-06-15,146.62,147.52,143.7,145.39,110.2343,21311072.0,0.0
2018-06-08,142.3,146.7,142.18,146.14,110.803,18618365.0,0.0
2018-06-01,142.53,143.1,140.21,141.95,107.6261,20343954.0,0.0
2018-05-25,144.95,146.2,142.95,143.64,108.9075,16951460.0,0.0
2018-05-18,144.47,145.19,142.92,144.08,109.2411,16304020.0,0.0
2018-05-11,144.0,144.85,141.28,144.14,109.2866,20021856.0,1.57
2018-05-04,146.86,147.38,139.9,143.91,107.9241,23464605.0,0.0
2018-04-27,145.03,147.36,144.11,146.48,109.8514,25028049.0,0.0
2018-04-20,157.99,162.0,144.51,144.9,108.6665,51127683.0,0.0
2018-04-13,151.8,159.22,151.74,156.71,117.5233,21372171.0,0.0
2018-04-06,153.34,154.92,147.45,150.57,112.9187,20949699.0,0.0
2018-03-29,151.21,154.87,150.28,153.43,115.0635,14934365.0,0.0
2018-03-23,159.71,159.89,148.54,148.89,111.6588,21959274.0,0.0
2018-03-16,159.64,162.11,157.74,160.26,120.1856,25076217.0,0.0
2018-03-09,154.12,159.58,153.75,159.31,119.4732,22842811.0,0.0
2018-03-02,155.81,159.78,151.88,154.49,115.8584,18831762.0,0.0
2018-02-23,155.79,156.79,152.79,155.52,116.6309,14987102.0,0.0
2018-02-16,150.9,157.79,149.64,156.18,117.1258,25701914.0,0.0
2018-02-09,157.89,158.5,144.4,149.51,112.1237,38856237.0,1.5
2018-02-02,167.45,168.39,158.87,159.03,118.0633,21842492.0,0.0
2018-01-26,161.51,168.72,161.11,167.34,124.2326,28170112.0,0.0
2018-01-19,165.1,171.13,161.3,162.37,120.5429,51246304.0,0.0
2018-01-12,162.66,164.94,161.7,163.14,121.1145,22376145.0,0.0
2018-01-05,154.5,162.9,153.54,162.49,120.632,26160206.0,0.0
2017-12-29,152.51,154.72,152.5,153.42,113.8984,10573732.0,0.0
2017-12-22,153.41,154.18,151.49,152.5,113.2154,20045931.0,0.0
2017-12-15,154.97,157.85,152.03,152.5,113.2154,31101402.0,0.0
2017-12-08,155.67,156.8,153.26,154.81,114.9304,20236835.0,0.0
2017-12-01,152.06,155.02,151.62,154.76,114.8932,24386604.0,0.0
2017-11-24,150.64,152.45,149.9,151.84,112.7254,13728716.0,0.0
2017-11-17,148.88,150.15,146.211,148.97,110.5948,23731918.0,0.0
2017-11-10,151.77,151.82,149.14,149.16,110.7358,21891991.0,1.5
2017-11-03,153.76,154.93,151.49,151.58,111.4204,19467703.0,0.0
2017-10-27,162.05,162.51,152.911,153.68,112.9641,28529638.0,0.0
2017-10-20,147.22,162.48,146.18,162.07,119.1312,56148944.0,0.0
2017-10-13,146.5,148.95,146.35,147.1,108.1274,16128636.0,0.0
2017-10-06,145.35,147.54,145.21,146.48,107.6716,12252293.0,0.0
2017-09-29,145.12,147.42,144.21,145.08,106.6425,18131168.0,0.0
2017-09-22,144.81,145.8911,144.22,145.13,106.6793,16890140.0,0.0
2017-09-15,143.54,146.38,143.01,144.82,106.4514,24882951.0,0.0
2017-09-08,143.5,144.64,141.64,142.45,104.7093,13803467.0,0.0
2017-09-01,144.11,144.56,141.9,144.08,105.9075,17765494.0,0.0
2017-08-25,139.59,144.19,139.13,143.74,105.6576,15927109.0,0.0
2017-08-18,142.0,143.34,139.58,139.7,102.6879,18585485.0,0.0
2017-08-11,145.0,145.09,141.19,141.84,104.2609,18161288.0,1.5
2017-08-04,144.38,145.67,144.17,145.16,105.5869,16503121.0,0.0
2017-07-28,147.0,147.49,143.64,144.29,104.954,21206630.0,0.0
2017-07-21,153.59,154.29,146.51,147.08,106.9834,39223438.0,0.0
2017-07-14,152.91,154.615,152.05,154.24,112.1915,15015697.0,0.0
2017-07-07,153.58,156.025,152.14,152.94,111.2459,11462576.0,0.0
2017-06-30,154.71,155.75,153.14,153.83,111.8933,13465670.0,0.0
2017-06-23,155.51,155.86,153.39,154.11,112.0969,18294998.0,0.0
2017-06-16,154.19,157.2,152.94,155.38,113.0207,23761609.0,0.0
2017-06-09,151.82,154.265,150.8,154.1,112.0897,20653101.0,0.0
2017-06-02,151.95,153.2,151.59,152.05,110.5985,13583558.0,0.0
2017-05-26,152.1,153.73,151.23,152.49,110.9186,14563625.0,0.0
2017-05-19,150.62,154.14,150.11,151.98,110.5476,23606431.0,0.0
2017-05-12,152.8,153.47,149.79,150.37,109.3765,28432713.0,1.5
2017-05-05,160.05,160.42,153.0,155.05,111.6859,28746997.0,0.0
2017-04-28,161.29,162.04,159.63,160.29,115.4604,22585454.0,0.0
2017-04-21,169.75,171.69,159.6,160.38,115.5252,22353091.0,0.0
2017-04-13,172.53,172.56,168.98,169.53,122.1162,15162492.0,0.0
2017-04-07,173.82,176.33,171.28,172.14,123.9962,20657952.0,0.0
2017-03-31,172.69,175.0,172.0937,174.14,125.4369,15949938.0,0.0
2017-03-24,175.65,176.23,172.8,173.83,125.2136,16816026.0,0.0
2017-03-17,177.85,179.0,174.75,175.65,126.5246,20678038.0,0.0
2017-03-10,179.72,181.29,175.88,177.83,128.0949,18283618.0,0.0
2017-03-03,181.19,182.55,179.28,180.05,129.694,14713309.0,0.0
2017-02-24,180.6,182.5,179.12,181.35,130.6304,13082284.0,0.0
2017-02-17,179.24,182.79,178.35,180.67,130.1406,15587334.0,0.0
2017-02-10,175.31,178.8701,174.38,178.68,128.7071,15458288.0,1.4
2017-02-03,176.98,177.07,172.89,175.82,125.6485,16952754.0,0.0
2017-01-27,170.08,179.25,170.01,177.3,126.7062,24898161.0,0.0
2017-01-20,166.69,170.64,165.8,170.55,121.8823,26891514.0,0.0
2017-01-13,169.47,169.8,165.34,167.34,119.5883,16710843.0,0.0
2017-01-06,167.0,169.92,166.01,169.53,121.1534,11943248.0,0.0
2016-12-30,166.98,167.98,165.5,165.99,118.6236,7770697.0,0.0
2016-12-23,166.83,168.25,165.25,166.71,119.1381,13209502.0,0.0
2016-12-16,166.72,169.952,165.07,166.73,119.1524,23953742.0,0.0
2016-12-09,160.85,166.72,158.93,166.52,119.0023,17154330.0,0.0
2016-12-02,163.2,164.66,158.3,160.02,114.3571,19370850.0,0.0
2016-11-25,160.69,163.19,160.3697,163.14,116.5868,11269212.0,0.0
2016-11-18,161.25,161.86,157.55,160.39,114.6216,16168917.0,0.0
2016-11-11,153.99,161.34,151.0,161.27,115.2504,25292112.0,1.4
2016-11-04,152.76,154.33,151.67,152.43,107.959,15168515.0,0.0
2016-10-28,150.4,154.44,149.83,152.61,108.0864,16009359.0,0.0
2016-10-21,154.45,155.89,147.79,149.63,105.9759,31731091.0,0.0
2016-10-14,156.71,158.49,152.27,154.45,109.3896,15614452.0,0.0
2016-10-07,158.06,158.53,154.86,155.67,110.2537,11417766.0,0.0
2016-09-30,154.46,165.0,153.46,158.85,112.5059,15801644.0,0.0
2016-09-23,154.87,157.22,153.87,154.98,109.765,12476162.0,0.0
2016-09-16,155.26,158.53,153.21,153.84,108.9576,21990587.0,0.0
2016-09-09,159.88,161.76,155.65,155.69,110.2679,15009419.0,0.0
2016-09-02,158.83,160.57,158.1,159.55,113.0017,11286596.0,0.0
2016-08-26,160.0,161.34,157.85,158.32,112.1306,13571765.0,0.0
2016-08-19,162.4,162.97,159.52,160.04,113.3488,14873739.0,0.0
2016-08-12,162.73,164.95,161.52,161.95,114.7015,19554950.0,1.4
2016-08-05,160.65,163.51,159.8,163.5,114.8074,15067283.0,0.0
2016-07-29,162.0,163.6,160.03,160.62,112.7851,13747991.0,0.0
2016-07-22,159.3,162.17,157.89,162.07,113.8033,24775973.0,0.0
2016-07-15,154.6,161.4,154.5,159.78,112.1953,18535456.0,0.0
2016-07-08,151.19,154.6,149.92,154.46,108.4596,10213227.0,0.0
2016-07-01,146.18,152.97,142.5,152.35,106.978,19155814.0,0.0
2016-06-24,152.6,155.48,146.18,146.59,102.9334,22214411.0,0.0
2016-06-17,151.63,152.72,149.0,151.99,106.7252,15849580.0,0.0
2016-06-10,153.09,154.09,151.86,152.37,106.9921,14920842.0,0.0
2016-06-03,152.56,153.81,151.54,152.89,107.3572,13470239.0,0.0
2016-05-27,147.61,152.93,146.66,152.84,107.3221,14910875.0,0.0
2016-05-20,147.65,149.99,143.955,147.25,103.3969,16406443.0,0.0
2016-05-13,147.7,151.09,147.01,147.72,103.7269,17034303.0,0.0
2016-05-06,146.56,147.97,142.9,147.29,103.425,21059912.0,1.4
2016-04-29,148.16,150.78,144.191,145.94,101.5121,16956550.0,0.0
2016-04-22,151.75,153.14,142.61,148.5,103.2928,37688644.0,0.0
2016-04-15,150.26,152.76,148.58,151.72,105.5326,17443203.0,0.0
2016-04-08,152.34,153.52,147.81,149.35,103.884,18417556.0,0.0
2016-04-01,147.75,153.1,147.23,152.52,106.089,20439783.0,0.0
2016-03-24,147.3,149.28,144.49,147.95,102.9102,17611709.0,0.0
2016-03-18,142.01,147.51,141.04,147.09,102.312,29886417.0,0.0
2016-03-11,137.28,142.9236,136.8718,142.36,99.022,23556160.0,0.0
2016-03-04,132.0,139.42,130.9,137.8,95.8502,22557187.0,0.0
2016-02-26,133.84,134.92,129.68,132.03,91.8367,20763400.0,0.0
2016-02-19,121.83,134.0,121.34,133.08,92.567,23958762.0,0.0
2016-02-12,126.0,127.51,116.901,121.04,84.1923,32025579.0,1.3
2016-02-05,124.4,128.64,122.29,128.57,88.5237,25527891.0,0.0
2016-01-29,122.1,124.79,120.65,124.79,85.9211,27278749.0,0.0
2016-01-22,130.11,132.1,118.0,122.5,84.3444,44203492.0,0.0
2016-01-15,131.81,134.2799,128.87,130.03,89.529,29470082.0,0.0
2016-01-08,135.6,136.89,131.32,131.63,90.6306,25251873.0,0.0
2015-12-31,137.74,140.44,136.54,137.62,94.7549,13538507.0,0.0
2015-12-24,135.83,139.305,134.02,138.25,95.1886,16540309.0,0.0
2015-12-18,135.31,139.65,134.02,134.9,92.8821,27823388.0,0.0
2015-12-11,140.16,140.41,133.91,134.57,92.6549,21354563.0,0.0
2015-12-04,138.61,141.4,137.99,140.43,96.6896,22935841.0,0.0
2015-11-27,138.53,139.34,137.12,138.46,95.3332,13199481.0,0.0
2015-11-20,131.79,138.915,131.79,138.5,95.3608,21083793.0,0.0
2015-11-13,137.92,138.08,131.65,131.75,90.7132,25069755.0,0.0
2015-11-06,140.5,142.8,137.87,138.25,95.1886,21526383.0,1.3
2015-10-30,144.75,145.0,137.33,140.08,95.5502,34698762.0,0.0
2015-10-23,149.85,149.97,139.3,144.68,98.6879,42068316.0,0.0
2015-10-16,152.4,152.58,148.58,150.39,102.5827,17455488.0,0.0
2015-10-09,145.82,153.147,145.82,152.39,103.947,19465122.0,0.0
2015-10-02,144.42,145.71,140.56,144.58,98.6197,19914471.0,0.0
2015-09-25,145.39,146.98,141.95,145.42,99.1926,16815584.0,0.0
2015-09-18,147.37,149.68,143.98,144.51,98.5719,20721826.0,0.0
2015-09-11,145.86,149.04,144.51,147.37,100.5228,13916382.0,0.0
2015-09-04,147.26,148.4,141.85,143.7,98.0194,21421138.0,0.0
2015-08-28,143.47,148.97,140.62,147.98,100.9388,32508092.0,0.0
2015-08-21,155.2,156.69,148.7,148.85,101.5323,19846207.0,0.0
2015-08-14,156.77,157.4652,153.95,155.75,106.2388,17165086.0,0.0
2015-08-07,161.7,161.85,154.335,155.12,105.8091,20138504.0,1.3
2015-07-31,159.0,162.06,158.5,161.99,109.5839,15380412.0,0.0
2015-07-24,172.79,173.78,159.41,159.75,108.0686,37075256.0,0.0
2015-07-17,167.93,172.52,167.52,172.51,116.7005,17138495.0,0.0
2015-07-10,163.83,167.4,162.2317,166.95,112.9393,18143986.0,0.0
2015-07-02,163.92,165.61,162.12,165.09,111.681,12979210.0,0.0
2015-06-26,167.65,169.97,165.23,165.46,111.9313,20939777.0,0.0
2015-06-19,165.33,168.72,164.25,166.99,112.9663,20761376.0,0.0
2015-06-12,167.17,170.44,163.37,166.99,112.9663,18364270.0,0.0
2015-06-05,170.21,171.5601,167.2,167.4,113.2437,13868111.0,0.0
2015-05-29,172.11,172.48,169.13,169.65,114.7658,12435919.0,0.0
2015-05-22,173.44,174.44,171.93,172.22,116.5043,11939607.0,0.0
2015-05-15,172.65,174.41,168.84,173.26,117.2079,13435074.0,0.0
2015-05-08,174.47,176.3,168.86,172.68,116.8155,16793441.0,1.3
2015-05-01,170.89,175.1303,170.02,173.67,116.5939,21874751.0,0.0
2015-04-24,162.1,171.91,161.9,169.78,113.9823,35436301.0,0.0
2015-04-17,162.37,164.96,160.03,160.67,107.8663,17532781.0,0.0
2015-04-10,159.69,163.84,158.702,162.86,109.3366,13917063.0,0.0
2015-04-02,161.31,163.6,158.39,160.45,107.7186,16765545.0,0.0
2015-03-27,162.77,165.35,158.91,160.4,107.685,23569213.0,0.0
2015-03-20,155.05,163.0,154.8,162.88,109.35,25684872.0,0.0
2015-03-13,158.2,161.15,153.4,154.28,103.5764,26135448.0,0.0
2015-03-06,161.68,161.89,158.06,158.5,106.4095,21117049.0,0.0
2015-02-27,164.23,164.99,159.77,161.94,108.7189,22941227.0,0.0
2015-02-20,159.75,164.49,159.73,163.65,109.8669,14108892.0,0.0
2015-02-13,156.0,160.8,155.08,160.4,107.685,18164756.0,0.0
2015-02-06,154.0,158.71,151.51,156.72,105.2145,22439830.0,1.1
2015-01-30,158.26,159.46,149.52,153.31,102.2078,32927307.0,0.0
2015-01-23,156.7,157.6,151.07,155.87,103.9145,31230797.0,0.0
2015-01-16,159.0,159.97,153.74,157.14,104.7611,23272056.0,0.0
2015-01-09,161.27,161.27,154.03,159.11,106.0745,24440360.0,0.0
2015-01-02,162.0,163.31,159.45,162.06,108.0412,15698987.0,0.0
2014-12-26,158.33,163.09,158.33,162.34,108.2278,12508916.0,0.0
2014-12-19,155.93,160.41,150.5,158.51,105.6745,34588770.0,0.0
2014-12-12,163.29,163.33,155.33,155.38,103.5878,23397756.0,0.0
2014-12-05,161.64,164.52,161.35,163.27,108.8478,20945441.0,0.0
2014-11-28,161.54,163.86,161.01,162.17,108.1145,17053892.0,0.0
2014-11-21,164.16,164.97,159.8,160.92,107.2812,22273217.0,0.0
2014-11-14,161.9,164.49,161.61,164.16,109.4412,20088151.0,0.0
2014-11-07,164.25,164.54,160.05,162.07,108.0478,20603321.0,1.1
2014-10-31,162.0,165.59,161.8,164.4,108.8595,27342119.0,0.0
2014-10-24,166.845,170.331,161.1,162.08,107.3233,69701346.0,0.0
2014-10-17,185.49,186.65,178.69,182.05,120.5467,24355568.0,0.0
2014-10-10,189.69,190.89,185.1,185.93,123.1159,15795271.0,0.0
2014-10-03,188.51,190.85,186.24,188.67,124.9302,14352364.0,0.0
2014-09-26,193.72,194.14,188.61,190.06,125.8506,16209901.0,0.0
2014-09-19,191.42,195.0,190.58,194.0,128.4596,20044000.0,0.0
2014-09-12,190.75,192.78,189.51,191.28,126.6585,12878100.0,0.0
2014-09-05,192.68,192.97,190.06,191.2,126.6055,9627700.0,0.0
2014-08-29,191.39,194.133,190.66,192.3,127.3339,11487700.0,0.0
2014-08-22,188.1,192.07,187.76,190.41,126.0824,11074800.0,0.0
2014-08-15,187.81,188.88,186.28,187.38,124.076,10927100.0,0.0
2014-08-08,189.35,189.95,183.58,186.63,123.5794,14770900.0,1.1
2014-08-01,194.3,196.4,188.86,189.15,124.5116,19838900.0,0.0
2014-07-25,191.3,195.9,189.25,194.4,127.9675,19580700.0,0.0
2014-07-18,188.55,195.95,188.21,192.5,126.7168,34217100.0,0.0
2014-07-11,187.61,188.9,186.21,188.0,123.7546,14983700.0,0.0
2014-07-03,181.33,188.99,180.26,188.53,124.1035,18382300.0,0.0
2014-06-27,181.92,183.0,179.27,181.71,119.6141,17703900.0,0.0
2014-06-20,182.4,184.47,181.235,181.55,119.5087,24186800.0,0.0
2014-06-13,186.22,187.64,180.91,182.56,120.1736,18143900.0,0.0
2014-06-06,184.76,187.65,183.92,186.37,122.6816,14243300.0,0.0
2014-05-30,184.8,185.65,182.33,184.36,121.3585,15895800.0,0.0
2014-05-23,186.61,187.16,184.7,185.94,122.3985,14066100.0,0.0
2014-05-16,191.12,193.03,185.93,187.06,123.1358,19407200.0,0.0
2014-05-09,191.05,191.49,186.93,190.08,125.1238,13925300.0,1.1
2014-05-02,191.14,196.86,190.58,191.44,125.291,21195300.0,0.0
2014-04-25,189.8,193.0,189.11,189.63,124.1064,22312800.0,0.0
2014-04-17,196.24,198.71,187.01,190.01,124.3551,30565200.0,0.0
2014-04-11,191.72,199.21,191.57,195.19,127.7452,30598500.0,0.0
2014-04-04,191.64,195.13,191.28,191.77,125.5069,29036500.0,0.0
2014-03-28,187.43,195.63,187.37,190.45,124.6431,35465000.0,0.0
2014-03-21,182.66,188.7,182.66,186.67,122.1692,30821100.0,0.0
2014-03-14,187.55,188.45,182.21,182.21,119.2503,24057200.0,0.0
2014-03-07,183.33,188.92,182.82,187.68,122.8302,20103400.0,0.0
2014-02-28,182.82,186.12,182.82,185.17,121.1875,20734000.0,0.0
2014-02-21,183.18,185.71,182.32,182.79,119.6298,19774200.0,0.0
2014-02-14,176.97,184.43,176.25,183.69,120.2189,21312600.0,0.0
2014-02-07,176.02,177.56,172.19,177.25,116.0041,25234000.0,0.95
2014-01-31,179.605,179.65,175.34,176.68,115.0056,25559900.0,0.0
2014-01-24,190.23,190.39,179.64,179.64,116.9323,38736900.0,0.0
2014-01-17,186.26,190.81,183.86,190.09,123.7345,27635300.0,0.0
2014-01-10,187.15,190.35,185.3,187.26,121.8924,22947500.0,0.0
2014-01-03,185.32,187.79,184.67,186.64,121.4888,15248000.0,0.0
2013-12-27,181.05,186.5,180.61,185.08,120.4733,12400800.0,0.0
2013-12-20,173.22,182.0,172.73,180.02,117.1797,32267100.0,0.0
2013-12-13,177.99,178.152,172.73,172.8,112.48,21870800.0,0.0
2013-12-06,179.46,179.59,175.16,177.67,115.65,24816100.0,0.0
2013-11-29,180.25,180.76,177.31,179.68,116.9583,20384900.0,0.0
2013-11-22,183.52,186.24,179.92,181.3,118.0128,25637400.0,0.0
2013-11-15,180.19,184.0487,179.66,183.19,119.2431,25682800.0,0.0
2013-11-08,179.9,181.39,177.35,179.99,117.1601,25635300.0,0.95
2013-11-01,177.04,182.32,176.2,179.23,116.0502,25853600.0,0.0
2013-10-25,174.42,179.1,172.6301,176.85,114.5091,29861500.0,0.0
2013-10-18,185.41,186.99,172.57,173.78,112.5213,45663100.0,0.0
2013-10-11,181.85,186.23,178.71,186.16,120.5373,20859700.0,0.0
2013-10-04,185.56,186.74,183.0,184.1,119.2035,16351900.0,0.0
2013-09-27,190.06,192.41,186.45,186.92,121.0294,15079700.0,0.0
2013-09-20,193.7,194.89,190.02,190.02,123.0366,22379100.0,0.0
2013-09-13,183.68,193.1,183.31,192.17,124.4287,18194900.0,0.0
2013-09-06,183.63,185.0,182.31,183.03,118.5106,11856200.0,0.0
2013-08-30,185.27,187.0,181.1,182.27,118.0185,15052200.0,0.0
2013-08-23,185.3,186.57,183.1685,185.42,120.0581,14564700.0,0.0
2013-08-16,186.97,189.99,185.34,185.34,120.0063,16580500.0,0.0
2013-08-09,195.16,195.88,186.79,187.82,121.6121,20128300.0,0.95
2013-08-02,196.83,197.83,193.2215,195.16,125.7313,15338600.0,0.0
2013-07-26,193.4,197.83,193.2804,197.35,127.1422,14719100.0,0.0
2013-07-19,192.42,200.94,191.68,193.54,124.6876,31679400.0,0.0
2013-07-12,195.6,195.78,190.78,192.07,123.7405,20715900.0,0.0
2013-07-05,192.15,195.16,190.26,194.93,125.5831,12378100.0,0.0
2013-06-28,193.99,196.9,188.41,191.11,123.1221,25092600.0,0.0
2013-06-21,203.44,206.09,193.5401,195.46,125.9245,22773400.0,0.0
2013-06-14,206.97,206.98,200.34,202.2,130.2668,14580500.0,0.0
2013-06-07,208.25,210.05,201.47,206.35,132.9404,17768500.0,0.0
2013-05-31,207.44,211.98,206.04,208.02,134.0163,16799600.0,0.0
2013-05-24,208.02,210.15,204.42,205.72,132.5345,20259100.0,0.0
2013-05-17,204.18,209.5,202.04,208.44,134.2869,21587300.0,0.0
2013-05-10,203.79,205.0,201.52,204.47,131.7292,18700700.0,0.95
2013-05-03,194.78,205.319,194.65,204.51,131.1467,26809200.0,0.0
2013-04-26,191.15,195.17,187.68,194.31,124.6057,27976600.0,0.0
2013-04-19,210.44,212.0,189.76,190.0,121.8418,35696400.0,0.0
2013-04-12,209.07,213.09,207.33,211.38,135.5522,15273700.0,0.0
2013-04-05,212.8,214.89,206.34,209.41,134.2889,16247600.0,0.0
2013-03-28,212.54,213.44,209.735,213.3,136.7835,12516100.0,0.0
2013-03-22,212.9,215.82,210.11,212.08,136.0011,18085500.0,0.0
2013-03-15,210.04,215.9,209.04,214.92,137.8223,23433000.0,0.0
2013-03-08,202.59,210.74,202.55,210.38,134.911,18680900.0,0.0
2013-03-01,201.67,203.123,197.51,202.91,130.1207,19419000.0,0.0
2013-02-22,200.6,201.89,198.11,201.09,128.9535,13744500.0,0.0
2013-02-15,200.98,201.95,199.02,200.98,128.883,14498300.0,0.0
2013-02-08,204.19,205.02,198.68,201.68,129.3319,16419900.0,0.85
2013-02-01,204.85,206.22,202.96,205.18,131.0223,15901300.0,0.0
2013-01-25,194.36,208.58,194.01,204.97,130.8882,27508900.0,0.0
2013-01-18,192.82,195.0,190.39,194.47,124.1832,19748400.0,0.0
2013-01-11,193.4,195.0,191.28,194.45,124.1704,16589700.0,0.0
2013-01-04,189.23,196.35,188.84,193.99,123.8767,15943900.0,0.0
2012-12-28,193.05,193.83,189.83,189.83,121.2202,11911900.0,0.0
2012-12-21,191.76,196.45,191.57,193.42,123.5127,24598600.0,0.0
2012-12-14,192.17,194.8,191.26,191.76,122.4527,19274500.0,0.0
2012-12-07,190.76,192.2,186.94,191.95,122.574,18850300.0,0.0
2012-11-30,192.45,193.37,189.27,190.07,121.3735,21119100.0,0.0
2012-11-23,188.62,193.49,188.25,193.49,123.5574,15826300.0,0.0
2012-11-16,190.03,190.88,184.78,186.94,119.3748,18951000.0,0.0
2012-11-09,192.36,196.75,188.88,189.64,121.0989,17977200.0,0.85
2012-11-02,194.8,198.0,193.29,193.43,122.9723,14071200.0,0.0
2012-10-26,193.71,194.68,190.56,193.27,122.8706,19824000.0,0.0
2012-10-19,208.88,211.0,193.18,193.36,122.9278,37283100.0,0.0
2012-10-12,210.02,210.74,205.05,207.8,132.108,15209500.0,0.0
2012-10-05,208.01,211.79,207.94,210.59,133.8817,17786100.0,0.0
2012-09-28,205.02,208.32,203.9,207.45,131.8855,17962400.0,0.0
2012-09-21,205.55,207.99,205.3,205.98,130.9509,24867400.0,0.0
2012-09-14,199.39,207.65,198.73,206.81,131.4786,19339300.0,0.0
2012-09-07,196.61,199.5,193.25,199.5,126.8313,15172300.0,0.0
2012-08-31,197.96,198.3,193.18,194.85,123.8751,13113600.0,0.0
2012-08-24,200.69,201.13,194.2,197.77,125.7314,14140300.0,0.0
2012-08-17,198.88,202.0,197.72,201.22,127.9248,12373700.0,0.0
2012-08-10,198.76,200.88,197.24,199.29,126.6978,12376100.0,0.85
2012-08-03,196.32,198.95,193.02,198.52,125.6715,14944000.0,0.0
2012-07-27,189.78,197.41,188.2,196.39,124.3232,18795600.0,0.0
2012-07-20,185.58,196.85,183.2,192.45,121.829,31507600.0,0.0
2012-07-13,190.76,191.14,181.85,186.01,117.7522,22998800.0,0.0
2012-07-06,196.36,197.2,189.74,191.41,121.1706,11920500.0,0.0
2012-06-29,192.48,195.81,188.9,195.58,123.8104,18637100.0,0.0
2012-06-22,197.57,199.99,193.19,193.7,122.6203,23194300.0,0.0
2012-06-15,196.6,199.27,192.14,199.1,126.0387,19518700.0,0.0
2012-06-08,188.34,195.8299,187.0,195.14,123.5319,18002600.0,0.0
2012-06-01,195.22,198.08,188.6,189.08,119.6956,21714900.0,0.0
2012-05-25,195.98,198.26,193.2,194.3,123.0001,17970000.0,0.0
2012-05-18,199.92,201.4679,195.16,195.88,124.0003,22381000.0,0.0
2012-05-11,203.96,204.77,199.06,201.17,127.3491,17219400.0,0.85
2012-05-04,206.71,208.929,204.4,204.99,129.2222,14699600.0,0.0
2012-04-27,197.89,208.17,196.791,206.81,130.3695,20048100.0,0.0
2012-04-20,204.74,207.64,197.521,199.6,125.8244,30566700.0,0.0
2012-04-13,204.4,206.17,202.17,202.8,127.8416,17522600.0,0.0
2012-04-05,208.96,210.69,204.46,205.47,129.5247,15692400.0,0.0
2012-03-30,206.45,209.12,206.02,208.65,131.5294,16007300.0,0.0
2012-03-23,205.71,206.53,203.702,205.48,129.531,17132200.0,0.0
2012-03-16,200.93,207.52,200.23,206.01,129.8652,25846100.0,0.0
2012-03-09,198.36,201.19,196.812,200.62,126.4674,21823600.0,0.0
2012-03-02,196.78,199.17,196.1,198.81,125.3264,19330600.0,0.0
2012-02-24,193.73,199.23,192.46,197.76,124.6645,17955300.0,0.0
2012-02-17,193.31,193.86,190.831,193.42,121.9286,17149800.0,0.0
2012-02-10,192.48,194.46,191.28,192.42,121.2983,18144100.0,0.75
2012-02-03,189.39,194.81,188.22,193.64,121.5947,22703600.0,0.0
2012-01-27,187.91,192.79,187.67,190.46,119.5978,22822200.0,0.0
2012-01-20,180.36,188.97,179.32,188.52,118.3796,32020900.0,0.0
2012-01-13,182.2,183.72,177.3472,179.16,112.5021,26633200.0,0.0
2012-01-06,186.73,188.71,182.31,182.54,114.6245,19352900.0,0.0
2011-12-30,184.97,186.48,183.34,183.88,115.466,12119700.0,0.0
2011-12-23,184.51,187.33,179.04,184.75,116.0123,27166800.0,0.0
2011-12-16,193.64,194.3,181.91,183.57,115.2713,30186100.0,0.0
2011-12-09,191.18,194.9,190.32,194.56,122.1724,24142900.0,0.0
2011-12-02,182.71,191.33,180.67,189.66,119.0955,25843600.0,0.0
2011-11-25,183.37,183.96,177.06,177.06,111.1834,16357400.0,0.0
2011-11-18,189.17,189.97,183.39,185.24,116.32,25522100.0,0.0
2011-11-11,186.22,187.88,181.16,187.38,117.6638,20903100.0,0.75
2011-11-04,185.59,187.78,180.74,186.38,116.5689,22918900.0,0.0
2011-10-28,181.51,188.07,179.03,187.45,117.2381,28719000.0,0.0
2011-10-21,189.71,190.16,176.17,181.63,113.5981,46796000.0,0.0
2011-10-14,183.0,190.53,182.9,190.53,119.1645,26220900.0,0.0
2011-10-07,174.36,183.72,168.88,182.39,114.0734,38117800.0,0.0
2011-09-30,170.96,180.91,169.86,174.87,109.3701,36868400.0,0.0
2011-09-23,169.5,177.67,165.76,169.34,105.9115,31790500.0,0.0
2011-09-16,159.64,172.99,158.76,172.99,108.1943,33464200.0,0.0
2011-09-09,163.06,169.58,160.81,161.37,100.9267,25328900.0,0.0
2011-09-02,170.58,173.72,166.0,166.98,104.4354,26288300.0,0.0
2011-08-26,161.35,169.33,157.62,169.14,105.7864,33789200.0,0.0
2011-08-19,171.32,174.0,157.13,157.54,98.5313,47511700.0,0.0
2011-08-12,168.83,172.61,161.85,168.2,105.1985,56678700.0,0.75
2011-08-05,182.6,183.69,166.52,172.98,107.7021,41229200.0,0.0
2011-07-29,183.89,184.96,179.73,181.85,113.2248,26294400.0,0.0
2011-07-22,174.73,185.63,173.58,185.18,115.2982,37500900.0,0.0
2011-07-15,174.9,176.32,173.84,175.54,109.296,23838300.0,0.0
2011-07-08,173.52,177.77,173.52,176.49,109.8875,20777900.0,0.0
2011-07-01,165.74,174.65,165.21,174.54,108.6734,23400700.0,0.0
2011-06-24,163.7,166.81,163.59,165.07,102.7771,22978000.0,0.0
2011-06-17,164.44,165.1,161.52,164.44,102.3849,29385600.0,0.0
2011-06-10,164.76,165.96,162.87,163.18,101.6004,20640600.0,0.0
2011-06-03,168.44,169.89,164.13,165.05,102.7647,23342600.0,0.0
2011-05-27,168.58,168.69,165.9,167.5,104.2901,22718600.0,0.0
2011-05-20,169.81,171.41,166.53,170.16,105.9463,25997900.0,0.0
2011-05-13,168.39,172.77,167.82,169.92,105.7969,23498700.0,0.0
2011-05-06,172.11,173.54,167.5,168.89,105.1556,29465600.0,0.75
2011-04-29,167.65,173.0,167.23,170.58,105.7382,26858900.0,0.0
2011-04-21,164.64,168.45,162.19,168.28,104.3125,29758000.0,0.0
2011-04-15,163.44,166.34,162.3,166.21,103.0294,22168000.0,0.0
2011-04-08,164.42,164.75,163.16,164.05,101.6905,17602700.0,0.0
2011-04-01,161.54,164.42,161.12,164.27,101.8268,19066300.0,0.0
2011-03-25,157.64,162.74,157.07,162.18,100.5313,25371800.0,0.0
2011-03-18,161.16,161.9804,151.71,155.89,96.6323,41798000.0,0.0
2011-03-11,161.6,167.72,158.85,162.43,100.6863,31095800.0,0.0
2011-03-04,162.36,164.31,159.41,161.83,100.3143,21537300.0,0.0
2011-02-25,163.57,164.26,159.03,162.28,100.5933,21433300.0,0.0
2011-02-18,164.18,164.84,162.52,164.84,102.1802,18590000.0,0.0
2011-02-11,164.08,166.25,163.18,163.85,101.5665,26097300.0,0.65
2011-02-04,159.18,164.2,158.68,164.0,101.2631,25371100.0,0.0
2011-01-28,155.42,164.35,155.33,159.21,98.3054,32502900.0,0.0
2011-01-21,149.82,156.78,149.38,155.5,96.0147,35766800.0,0.0
2011-01-14,147.58,150.0,146.75,150.0,92.6187,19878500.0,0.0
2011-01-07,147.21,148.86,146.64,147.93,91.3405,23486200.0,0.0
2010-12-31,145.12,147.5,145.0,146.76,90.6181,14684300.0,0.0
2010-12-23,145.39,146.4,144.33,145.89,90.0809,13585400.0,0.0
2010-12-17,145.14,146.01,144.15,145.0,89.5314,28194800.0,0.0
2010-12-10,144.54,146.2999,143.52,144.82,89.4202,21020900.0,0.0
2010-12-03,143.53,145.85,141.28,145.38,89.766,28622500.0,0.0
2010-11-26,144.0,146.44,142.33,143.9,88.8522,15256400.0,0.0
2010-11-19,143.89,145.35,141.18,145.05,89.5622,24207800.0,0.0
2010-11-12,145.35,147.53,143.35,143.74,88.7534,24816000.0,0.65
2010-11-05,143.64,146.93,142.32,146.92,90.3161,27101400.0,0.0
2010-10-29,140.42,144.0,138.53,143.6,88.2752,32583300.0,0.0
2010-10-22,140.9,143.03,136.7,139.67,85.8593,41753800.0,0.0
2010-10-15,138.79,142.1,138.27,141.06,86.7137,31299400.0,0.0
2010-10-08,135.23,139.09,134.39,138.85,85.3552,26027000.0,0.0
2010-10-01,133.51,136.28,133.51,135.64,83.3819,30834900.0,0.0
2010-09-24,130.24,134.15,130.11,134.11,82.4414,28357000.0,0.0
2010-09-17,128.63,130.6,128.43,130.19,80.0316,29966700.0,0.0
2010-09-10,126.99,128.29,125.39,127.99,78.6792,16686200.0,0.0
2010-09-03,125.08,127.6,122.28,127.58,78.4272,25097500.0,0.0
2010-08-27,127.57,128.03,122.42,124.73,76.6752,28851700.0,0.0
2010-08-20,127.47,130.195,126.96,127.5,78.378,24839400.0,0.0
2010-08-13,130.79,132.49,127.33,127.87,78.6055,27721100.0,0.0
2010-08-06,129.25,131.98,128.76,130.14,80.0009,26753600.0,0.65
2010-07-30,128.18,129.5,127.04,128.4,78.539,29087100.0,0.0
2010-07-23,128.67,130.38,122.93,128.38,78.5268,45328500.0,0.0
2010-07-16,127.37,131.6,127.16,128.03,78.3127,30691500.0,0.0
2010-07-09,123.58,128.2,122.17,127.96,78.2699,22776300.0,0.0
2010-07-02,127.65,129.47,120.61,121.86,74.5386,39925900.0,0.0
2010-06-25,131.42,131.94,127.12,127.12,77.7561,35729700.0,0.0
2010-06-18,128.5,131.25,128.34,130.15,79.6094,34958900.0,0.0
2010-06-11,125.57,128.8,122.82,128.45,78.5696,36446000.0,0.0
2010-06-04,124.69,128.22,124.2,125.28,76.6306,31155200.0,0.0
2010-05-28,125.26,126.39,121.47,125.26,76.6183,40594400.0,0.0
2010-05-21,130.68,131.99,121.4,125.42,76.7162,52738700.0,0.0
2010-05-14,126.27,133.1,125.06,131.19,80.2456,52007600.0,0.0
2010-05-07,129.39,130.14,116.0,122.1,74.6855,43103500.0,0.65
2010-04-30,129.76,132.0,128.71,129.0,78.4943,35378000.0,0.0
2010-04-23,130.38,132.28,127.77,129.99,79.0967,46345200.0,0.0
2010-04-16,128.57,132.17,127.84,130.63,79.4861,35328700.0,0.0
2010-04-09,128.38,129.8,127.12,128.76,78.3482,24394000.0,0.0
2010-04-01,129.3,129.95,127.55,128.25,78.0379,17954900.0,0.0
2010-03-26,127.11,130.73,126.57,129.26,78.6525,31453700.0,0.0
2010-03-19,127.4,128.93,126.78,127.71,77.7093,32679700.0,0.0
2010-03-12,127.06,128.37,125.2,127.94,77.8493,33736000.0,0.0
2010-03-05,127.5,129.09,125.47,127.25,77.4294,29153500.0,0.0
2010-02-26,127.3,128.27,125.57,127.16,77.3747,23624900.0,0.0
2010-02-19,124.91,128.06,124.11,127.19,77.3929,24433700.0,0.0
2010-02-12,123.15,124.2,121.61,124.0,75.4519,30088800.0,0.55
2010-02-05,123.23,126.07,121.83,122.97,74.489,35063800.0,0.0
2010-01-29,126.33,127.75,121.9,122.39,74.1377,42786400.0,0.0
2010-01-22,131.63,134.25,125.37,125.5,76.0215,48810900.0,0.0
2010-01-15,131.06,132.89,128.67,131.78,79.8256,35873500.0,0.0
2010-01-08,131.18,132.97,128.91,130.85,79.2623,28639800.0,0.0
2009-12-31,130.99,132.85,130.68,130.9,79.2926,18075000.0,0.0
2009-12-24,127.8,130.57,127.68,130.57,79.0927,18700700.0,0.0
2009-12-18,129.65,129.98,127.0,127.91,77.4814,34452500.0,0.0
2009-12-11,126.88,129.77,126.11,129.68,78.5536,29242700.0,0.0
2009-12-04,125.12,128.9,124.92,127.25,77.0816,30307700.0,0.0
2009-11-27,127.7,128.94,124.26,125.7,76.1427,19106900.0,0.0
2009-11-20,127.17,128.655,126.46,126.96,76.9059,23482700.0,0.0
2009-11-13,123.92,127.8,123.49,127.03,76.9483,31065000.0,0.0
2009-11-06,120.61,123.5,119.5,123.49,74.804,30790900.0,0.55
2009-10-30,120.61,124.3,119.15,120.61,72.7355,38785400.0,0.0
2009-10-23,121.76,124.11,120.0,120.36,72.5847,36292000.0,0.0
2009-10-16,125.44,128.61,121.25,121.64,73.3566,55978800.0,0.0
2009-10-09,118.9,126.0,118.13,125.93,75.9438,37825500.0,0.0
2009-10-02,120.52,122.0,117.26,119.02,71.7766,37380100.0,0.0
2009-09-25,121.03,122.74,120.1,121.08,73.0189,26232600.0,0.0
2009-09-18,117.0,122.88,116.94,122.11,73.6401,40859700.0,0.0
2009-09-11,117.94,119.25,116.16,118.05,71.1916,21828700.0,0.0
2009-09-04,117.1,118.93,115.15,117.46,70.8358,25309900.0,0.0
2009-08-28,119.92,120.88,117.51,118.22,71.2941,26123700.0,0.0
2009-08-21,116.69,120.01,116.12,119.9,72.3073,27622200.0,0.0
2009-08-14,118.17,119.96,117.32,118.57,71.5052,25401100.0,0.0
2009-08-07,118.88,119.96,116.7,119.33,71.9635,27893800.0,0.55
2009-07-31,116.95,119.37,116.05,117.93,70.7876,28085700.0,0.0
2009-07-24,114.53,118.15,114.39,117.64,70.6135,42520000.0,0.0
2009-07-17,101.28,115.53,100.19,115.42,69.2809,58793700.0,0.0
2009-07-10,101.57,102.78,99.5,100.83,60.5233,34208000.0,0.0
2009-07-02,105.99,106.27,101.73,101.73,61.0635,24758400.0,0.0
2009-06-26,105.18,106.785,103.51,105.68,63.4345,30871700.0,0.0
2009-06-19,107.63,109.14,105.5,105.89,63.5606,42930700.0,0.0
2009-06-12,106.64,110.64,105.5,108.21,64.9531,38913000.0,0.0
2009-06-05,106.94,108.8,105.11,107.24,64.3709,35592300.0,0.0
2009-05-29,101.32,106.5,101.02,106.28,63.7947,27330100.0,0.0
2009-05-22,102.0,106.12,101.74,101.89,61.1596,34599500.0,0.0
2009-05-15,101.09,104.38,100.57,101.37,60.8474,42229200.0,0.0
2009-05-08,105.26,106.82,99.83,101.49,60.9195,42691700.0,0.55
2009-05-01,99.61,106.05,99.25,104.61,62.4639,46394300.0,0.0
2009-04-24,100.29,103.86,98.2,100.08,59.7589,59469300.0,0.0
2009-04-17,100.28,102.04,96.44,101.27,60.4695,41711800.0,0.0
2009-04-09,100.9,102.45,98.52,101.7,60.7263,32887100.0,0.0
2009-04-03,92.0,102.66,91.8,102.22,61.0368,64912500.0,0.0
2009-03-27,93.7,99.86,92.75,94.15,56.2181,60950700.0,0.0
2009-03-20,91.34,95.0,89.41,92.51,55.2388,63330900.0,0.0
2009-03-13,84.7,90.65,83.02,90.36,53.955,61831600.0,0.0
2009-03-06,91.17,91.9,83.81,85.81,51.2382,74483600.0,0.0
2009-02-27,89.3,93.28,82.85,92.03,54.9522,77805700.0,0.0
2009-02-20,91.73,92.49,87.34,88.79,53.0175,42419500.0,0.0
2009-02-13,95.93,96.98,92.2,93.84,56.033,49132900.0,0.0
2009-02-06,90.6,97.1,89.69,96.14,57.4063,53659500.0,0.5
2009-01-30,89.77,94.94,89.52,91.65,54.4421,50819300.0,0.0
2009-01-23,84.76,91.6,81.76,89.49,53.1591,61309500.0,0.0
2009-01-16,84.57,86.6,82.11,84.92,50.4444,48180000.0,0.0
2009-01-09,86.42,90.41,84.25,84.7,50.3137,41092400.0,0.0
2009-01-02,81.72,87.59,79.68,87.37,51.8997,26062900.0,0.0
2008-12-26,83.27,83.45,79.92,81.33,48.3118,18974200.0,0.0
2008-12-19,82.51,87.27,80.0,83.52,49.6127,50128100.0,0.0
2008-12-12,82.57,85.88,78.06,82.2,48.8286,49785100.0,0.0
2008-12-05,80.95,81.5,75.31,80.59,47.8723,51454000.0,0.0
2008-11-28,75.74,82.4,75.0,81.6,48.4722,39691800.0,0.0
2008-11-21,79.4,81.0,69.5,74.88,44.4804,73411500.0,0.0
2008-11-14,87.99,88.1,75.4,80.33,47.7178,58194400.0,0.0
2008-11-07,92.64,94.76,84.25,86.27,51.2463,47015300.0,0.5
2008-10-31,80.27,94.19,79.01,92.97,54.9039,60537100.0,0.0
2008-10-24,92.21,93.31,78.82,82.07,48.4668,58306900.0,0.0
2008-10-17,90.44,99.0,84.35,90.78,53.6105,75048600.0,0.0
2008-10-10,101.21,103.0,83.51,87.75,51.8212,86848900.0,0.0
2008-10-03,117.44,118.43,103.03,103.44,61.087,62809100.0,0.0
2008-09-26,118.45,121.99,114.14,119.42,70.524,34730600.0,0.0
2008-09-19,115.36,124.0,110.61,118.85,70.1874,66307100.0,0.0
2008-09-12,118.0,119.95,115.0,118.97,70.2583,46783800.0,0.0
2008-09-05,122.87,124.0,113.17,114.33,67.5181,42011600.0,0.0
2008-08-29,124.48,125.45,121.5,121.73,71.8882,30493600.0,0.0
2008-08-22,126.49,127.0,121.55,124.93,73.778,34457400.0,0.0
2008-08-15,128.43,128.43,124.4,126.36,74.6225,32724200.0,0.0
2008-08-08,126.77,129.97,126.25,128.81,76.0693,34413900.0,0.5
2008-08-01,127.69,129.5,126.13,126.64,74.4994,28699300.0,0.0
2008-07-25,129.83,130.93,127.26,128.53,75.6113,45950300.0,0.0
2008-07-18,121.8,130.0,119.9,129.89,76.4113,59542700.0,0.0
2008-07-11,119.62,124.5,119.62,122.12,71.8404,47346100.0,0.0
2008-07-03,119.99,120.78,116.6,119.54,70.3227,32716800.0,0.0
2008-06-27,123.0,125.83,118.26,120.05,70.6227,41907700.0,0.0
2008-06-20,125.46,127.14,122.36,122.74,72.2052,35367900.0,0.0
2008-06-13,125.38,126.722,122.86,126.15,74.2112,31303600.0,0.0
2008-06-06,128.67,129.37,124.74,124.94,73.4994,35309300.0,0.0
2008-05-30,124.01,129.99,124.0,129.43,76.1407,33079200.0,0.0
2008-05-23,127.68,128.21,123.02,124.2,73.064,31469600.0,0.0
2008-05-16,123.8,128.83,123.56,127.82,75.1936,40848500.0,0.0
2008-05-09,122.76,125.17,120.78,124.06,72.9817,38973400.0,0.5
2008-05-02,122.98,124.43,120.5,123.18,72.1733,36106300.0,0.0
2008-04-25,122.05,124.9,122.05,123.08,72.1147,32273700.0,0.0
2008-04-18,116.2,125.0,115.54,124.4,72.8881,67195200.0,0.0
2008-04-11,116.37,119.22,115.28,116.0,67.9664,38989700.0,0.0
2008-04-04,113.95,118.37,113.34,115.76,67.8258,42376300.0,0.0
2008-03-28,118.57,119.79,114.21,114.57,67.1286,41496800.0,0.0
2008-03-20,113.0,118.5,113.0,118.33,69.3316,39979100.0,0.0
2008-03-14,113.12,118.0,112.69,115.2301,67.5153,48594600.0,0.0
2008-03-07,114.09,116.41,111.8,113.94,66.7594,39506500.0,0.0
2008-02-29,107.68,116.63,107.43,113.86,66.7126,54366700.0,0.0
2008-02-22,106.79,109.6,104.53,108.07,63.3201,31292600.0,0.0
2008-02-15,102.9,108.93,102.87,106.16,62.201,33932900.0,0.0
2008-02-08,108.4,109.0,100.6,103.27,60.5077,40641500.0,0.4
2008-02-01,104.41,109.4,103.7,109.08,63.666,39007500.0,0.0
2008-01-25,99.16,107.79,98.5,104.52,61.0045,57768700.0,0.0
2008-01-18,105.0,106.72,100.05,103.4,60.3508,78126300.0,0.0
2008-01-11,100.355,101.0,97.04,97.67,57.0064,52601500.0,0.0
2008-01-04,109.25,110.0,100.48,101.13,59.0259,33799300.0,0.0
2007-12-28,111.2,112.19,109.108,110.09,64.2555,16539900.0,0.0
2007-12-21,105.37,111.16,104.0,111.05,64.8158,43481700.0,0.0
2007-12-14,109.0,110.4,104.1,105.77,61.7341,36725700.0,0.0
2007-12-07,105.45,110.0,104.58,108.86,63.5376,31672000.0,0.0
2007-11-30,104.4,109.19,101.5,105.18,61.3897,46569900.0,0.0
2007-11-23,104.34,105.39,101.34,104.05,60.7302,27820500.0,0.0
2007-11-16,101.89,106.42,100.7,104.79,61.1621,50102700.0,0.0
2007-11-09,115.11,115.11,99.27,100.2542,58.5147,62718300.0,0.4
2007-11-02,113.9,116.25,113.28,114.59,66.642,30044700.0,0.0
2007-10-26,110.97,114.8,110.96,113.73,66.1419,32762600.0,0.0
2007-10-19,117.95,119.94,111.8,112.28,65.2986,53958800.0,0.0
2007-10-12,116.1,121.46,115.88,117.81,68.5147,35082300.0,0.0
2007-10-05,117.61,119.6,115.0,116.3,67.6365,33529800.0,0.0
2007-09-28,116.9,118.5,115.79,117.8,68.5089,33029400.0,0.0
2007-09-21,114.7,118.1,114.3,116.78,67.9157,38076800.0,0.0
2007-09-14,116.15,117.78,114.65,115.13,66.9561,32211300.0,0.0
2007-09-07,116.34,118.89,115.33,115.55,67.2003,28916300.0,0.0
2007-08-31,113.0,117.35,111.63,116.69,67.8633,32617900.0,0.0
2007-08-24,110.9,113.25,108.08,113.24,65.8569,39957700.0,0.0
2007-08-17,112.99,113.95,103.7,110.9,64.496,55388900.0,0.0
2007-08-10,111.97,114.6,109.7,112.64,65.508,41626500.0,0.4
2007-08-03,115.62,115.75,110.02,111.89,64.8422,66192100.0,0.0
2007-07-27,114.88,118.82,114.85,115.62,67.0038,64841000.0,0.0
2007-07-20,108.57,116.48,108.42,114.81,66.5344,55626100.0,0.0
2007-07-13,108.73,109.65,108.1,108.6,62.9356,34811600.0,0.0
2007-07-06,105.39,109.66,104.58,109.03,63.1848,24567300.0,0.0
2007-06-29,104.73,106.92,104.1,105.25,60.9942,31559100.0,0.0
2007-06-22,105.27,107.02,104.44,104.44,60.5248,35051000.0,0.0
2007-06-15,102.87,105.19,102.1,105.09,60.9015,34517000.0,0.0
2007-06-08,106.5,106.59,101.56,103.07,59.7309,63185700.0,0.0
2007-06-01,105.57,107.67,105.21,106.54,61.7418,23208200.0,0.0
2007-05-25,107.15,108.0,103.57,105.18,60.9537,30271700.0,0.0
2007-05-18,105.81,108.05,104.53,107.99,62.5821,35014200.0,0.0
2007-05-11,102.76,105.99,102.21,105.98,61.4173,34979100.0,0.4
2007-05-04,101.11,103.17,100.97,102.96,59.437,38307800.0,0.0
2007-04-27,95.35,101.7,95.05,101.17,58.4036,58275300.0,0.0
2007-04-20,94.99,97.66,93.911,94.58,54.5993,51786700.0,0.0
2007-04-13,96.43,96.94,94.53,94.93,54.8014,27497000.0,0.0
2007-04-05,94.51,96.75,94.06,96.52,55.7193,19197800.0,0.0
2007-03-30,94.84,95.25,93.57,94.26,54.4146,34042800.0,0.0
2007-03-23,93.95,95.81,93.39,95.03,54.8591,26906600.0,0.0
2007-03-16,93.29,94.47,92.1,93.25,53.8316,36423000.0,0.0
2007-03-09,90.25,94.85,90.1,93.28,53.8489,43505100.0,0.0
2007-03-02,97.86,97.86,88.77,90.9,52.4749,52427400.0,0.0
2007-02-23,98.66,99.5,97.41,97.73,56.4178,20682500.0,0.0
2007-02-16,98.8,99.52,97.8,98.99,57.1451,27047900.0,0.0
2007-02-09,99.17,100.44,97.81,98.55,56.8911,34668400.0,0.3
2007-02-02,98.1,99.73,97.45,99.17,57.077,34172300.0,0.0
2007-01-26,96.42,97.92,96.12,97.45,56.0871,41549100.0,0.0
2007-01-19,99.4,100.9,94.55,96.17,55.3504,58474800.0,0.0
2007-01-12,98.5,100.33,97.93,99.34,57.1749,44830200.0,0.0
2007-01-05,97.17,98.79,96.26,97.42,56.0698,26942600.0,0.0
2006-12-29,95.0,97.88,94.92,97.15,55.9144,15807900.0,0.0
2006-12-22,94.95,96.5,94.8,95.25,54.8209,24009800.0,0.0
2006-12-15,93.72,95.8,93.3,95.3,54.8497,30414900.0,0.0
2006-12-08,92.5,94.87,92.25,93.86,54.0209,28792200.0,0.0
2006-12-01,92.71,93.24,90.43,91.25,52.5187,27785200.0,0.0
2006-11-24,93.77,93.8,92.8,93.35,53.7274,13559900.0,0.0
2006-11-17,91.75,94.05,91.41,93.81,53.9921,23826600.0,0.0
2006-11-10,91.5,93.4,91.5,91.76,52.8122,29456500.0,0.3
2006-11-03,90.3,92.68,89.8,91.41,52.4409,30108500.0,0.0
2006-10-27,90.05,92.0,90.01,90.76,52.068,35037300.0,0.0
2006-10-20,86.08,92.04,85.75,90.48,51.9073,67866100.0,0.0
2006-10-13,83.14,86.21,83.0,86.08,49.3831,26864000.0,0.0
2006-10-06,81.76,83.78,81.56,83.14,47.6965,25738600.0,0.0
2006-09-29,81.64,82.79,81.28,81.94,47.008,25658300.0,0.0
2006-09-22,82.56,83.79,81.01,81.21,46.5893,30290000.0,0.0
2006-09-15,80.6,83.59,80.25,82.94,47.5817,27425800.0,0.0
2006-09-08,81.19,81.54,79.31,80.66,46.2737,16108000.0,0.0
2006-09-01,79.91,81.68,79.76,81.41,46.704,22236900.0,0.0
2006-08-25,79.51,80.0,78.42,79.88,45.8262,18060100.0,0.0
2006-08-18,75.85,79.97,75.6,79.9,45.8377,29303900.0,0.0
2006-08-11,75.63,76.28,75.05,75.48,43.302,19054700.0,0.3
2006-08-04,76.44,77.5,74.9,75.91,43.376,20900500.0,0.0
2006-07-28,74.92,77.3,74.92,76.96,43.9759,25666400.0,0.0
2006-07-21,73.34,77.06,72.73,74.86,42.776,50614500.0,0.0
2006-07-14,76.18,76.83,73.37,73.57,42.0389,37325800.0,0.0
2006-07-07,77.54,78.53,76.12,76.42,43.6674,18199800.0,0.0
2006-06-30,77.04,77.93,76.06,76.82,43.8959,26797500.0,0.0
2006-06-23,78.06,78.56,76.94,77.1,44.0559,27070000.0,0.0
2006-06-16,77.68,78.78,76.82,77.95,44.5416,33150500.0,0.0
2006-06-09,79.1,80.74,76.75,78.01,44.5759,40341000.0,0.0
2006-06-02,80.35,80.96,79.15,79.52,45.4388,23532800.0,0.0
2006-05-26,79.94,81.3,79.0,80.75,46.1416,26222700.0,0.0
2006-05-19,81.8,83.25,79.51,80.28,45.873,28629900.0,0.0
2006-05-12,82.6,83.69,82.3,82.39,47.0787,22319900.0,0.3
2006-05-05,82.59,83.55,82.0,82.98,47.2449,24540000.0,0.0
2006-04-28,81.3,84.4,81.1,82.34,46.8805,36485300.0,0.0
2006-04-21,81.77,84.0,81.26,81.66,46.4933,35449300.0,0.0
2006-04-13,82.49,82.74,80.63,81.98,46.6755,18292300.0,0.0
2006-04-07,82.72,84.45,82.44,82.48,46.9602,23780100.0,0.0
2006-03-31,82.98,83.7,82.2,82.47,46.9545,23139800.0,0.0
2006-03-24,83.11,84.99,82.93,83.36,47.4612,25547800.0,0.0
2006-03-17,81.56,83.76,81.45,83.3,47.4271,25173700.0,0.0
2006-03-10,80.05,82.25,79.86,81.57,46.4421,23708100.0,0.0
2006-03-03,80.0,80.89,79.51,79.96,45.5254,23693200.0,0.0
2006-02-24,80.1,81.65,79.85,80.1,45.6051,20014900.0,0.0
2006-02-17,81.33,81.91,80.13,80.71,45.9524,26994200.0,0.0
2006-02-10,79.94,81.46,78.93,81.33,46.3054,32826100.0,0.2
2006-02-03,81.02,82.24,79.72,79.97,45.4187,33566000.0,0.0
2006-01-27,81.33,82.15,80.59,81.02,46.015,32471000.0,0.0
2006-01-20,82.8,84.7,81.25,81.36,46.2081,34792500.0,0.0
2006-01-13,83.9,84.81,82.5,83.17,47.2361,30173200.0,0.0
2006-01-06,82.45,85.03,80.81,84.95,48.2471,36958200.0,0.0
2005-12-30,83.48,84.5,81.56,82.2,46.6852,17622000.0,0.0
2005-12-23,83.23,84.2,82.06,83.48,47.4122,27298200.0,0.0
2005-12-16,87.01,87.35,82.75,83.37,47.3497,39305300.0,0.0
2005-12-09,88.4,89.92,86.33,86.97,49.3943,26427900.0,0.0
2005-12-02,88.8,89.94,88.36,88.65,50.3485,25765400.0,0.0
2005-11-25,87.6,89.39,86.88,88.8,50.4337,18193100.0,0.0
2005-11-18,84.25,88.0,84.03,87.77,49.8487,30719600.0,0.0
2005-11-11,83.1,84.84,82.3,84.55,48.0199,21762600.0,0.2
2005-11-04,81.51,83.3,80.64,83.0,47.0265,31154000.0,0.0
2005-10-28,83.15,83.95,80.5,81.42,46.1312,25793400.0,0.0
2005-10-21,82.36,84.6,81.93,83.33,47.2134,39286100.0,0.0
2005-10-14,81.24,83.52,81.08,82.35,46.6582,36349300.0,0.0
2005-10-07,80.22,81.47,78.7,80.5,45.61,30921800.0,0.0
2005-09-30,78.31,80.55,76.93,80.22,45.4513,30116700.0,0.0
2005-09-23,79.74,79.98,77.3,78.0,44.1935,31701800.0,0.0
2005-09-16,81.03,82.11,79.67,80.33,45.5137,25110400.0,0.0
2005-09-09,79.7,81.52,79.7,81.44,46.1426,18681300.0,0.0
2005-09-02,80.0,81.75,79.34,79.46,45.0207,25171500.0,0.0
2005-08-26,82.75,83.35,80.26,80.38,45.542,22210500.0,0.0
2005-08-19,81.9,83.3,80.8,82.76,46.8905,22885800.0,0.0
2005-08-12,83.41,84.01,81.62,82.19,46.5675,22568800.0,0.2
2005-08-05,83.0,84.2,82.73,83.36,47.1174,22265700.0,0.0
2005-07-29,83.98,84.52,82.81,83.46,47.1739,24382900.0,0.0
2005-07-22,81.99,85.11,81.68,84.44,47.7278,45014200.0,0.0
2005-07-15,79.4,82.75,78.52,82.38,46.5635,45662500.0,0.0
2005-07-08,74.38,79.52,74.16,79.3,44.8226,37388800.0,0.0
2005-07-01,74.01,75.68,73.45,74.67,42.2055,30677800.0,0.0
2005-06-24,76.03,77.49,74.0,74.01,41.8325,33289800.0,0.0
2005-06-17,74.5,77.73,74.45,76.39,43.1777,33568000.0,0.0
2005-06-10,75.8,76.09,74.1,74.77,42.2621,24804200.0,0.0
2005-06-03,76.6,77.5,75.5,75.79,42.8386,23975100.0,0.0
2005-05-27,76.3,77.41,75.17,77.1,43.5791,24899800.0,0.0
2005-05-20,73.09,77.64,73.09,76.41,43.189,34306900.0,0.0
2005-05-13,75.26,75.46,72.5,73.16,41.3521,33727100.0,0.0
2005-05-06,76.88,78.11,74.97,75.26,42.539,39063200.0,0.2
2005-04-29,75.24,77.18,74.05,76.38,43.0577,51112000.0,0.0
2005-04-22,77.15,77.75,71.85,74.21,41.8344,70090000.0,0.0
2005-04-15,87.35,87.56,76.33,76.7,43.2381,62144400.0,0.0
2005-04-08,90.08,90.62,87.5,87.6,49.3827,27677900.0,0.0
2005-04-01,90.71,91.76,90.04,90.44,50.9837,25553000.0,0.0
2005-03-24,89.42,91.55,89.26,90.7,51.1303,18904100.0,0.0
2005-03-18,91.5,92.27,89.09,89.28,50.3298,25767500.0,0.0
2005-03-11,92.35,93.0,91.2,91.51,51.5869,24562700.0,0.0
2005-03-04,92.53,93.73,92.2,92.37,52.0717,22028900.0,0.0
2005-02-25,92.67,93.5,91.55,92.8,52.3141,18680300.0,0.0
2005-02-18,93.16,94.97,92.55,93.27,52.5791,20002800.0,0.0
2005-02-11,94.35,94.9,92.3,93.3,52.596,21103700.0,0.18
2005-02-04,93.65,94.74,93.0,94.51,53.1764,19731000.0,0.0
2005-01-28,92.7,93.59,91.44,92.89,52.2649,27667500.0,0.0
2005-01-21,93.65,95.34,92.23,92.38,51.9779,28556000.0,0.0
2005-01-14,95.78,96.2,93.55,94.1,52.9457,26060300.0,0.0
2005-01-07,98.97,99.1,95.47,95.78,53.891,27415300.0,0.0
2004-12-31,97.69,99.0,97.37,98.58,55.4664,17501200.0,0.0
2004-12-23,96.35,98.0,96.35,97.72,54.9825,18152400.0,0.0
2004-12-17,96.85,98.15,96.08,96.2,54.1273,27720400.0,0.0
2004-12-10,96.88,98.25,95.71,96.67,54.3917,26952800.0,0.0
2004-12-03,94.94,97.63,94.24,97.08,54.6224,29413700.0,0.0
2004-11-26,94.3,95.79,94.16,94.72,53.2946,17298900.0,0.0
2004-11-19,95.08,96.63,94.25,94.45,53.1426,27259900.0,0.0
2004-11-12,92.5,95.5,92.5,95.32,53.6321,28090600.0,0.18
2004-11-05,89.33,93.52,89.23,93.28,52.3833,30762600.0,0.0
2004-10-29,87.36,90.27,87.31,89.75,50.401,27890400.0,0.0
2004-10-22,84.3,89.73,84.29,87.39,49.0757,39927800.0,0.0
2004-10-15,86.77,87.2,84.3,84.85,47.6493,24456500.0,0.0
2004-10-08,87.0,88.1,86.51,86.71,48.6938,21303400.0,0.0
2004-10-01,84.1,86.98,83.88,86.72,48.6994,22465000.0,0.0
2004-09-24,85.4,86.43,83.24,84.43,47.4134,23167900.0,0.0
2004-09-17,87.0,87.28,85.44,85.74,48.1491,23207800.0,0.0
2004-09-10,84.7,87.0,84.6,86.76,48.7219,17994900.0,0.0
2004-09-03,84.57,85.09,83.65,84.39,47.391,17286100.0,0.0
2004-08-27,85.23,85.45,84.35,84.94,47.6998,16955800.0,0.0
2004-08-20,83.7,85.35,83.51,85.25,47.8739,21524300.0,0.0
2004-08-13,83.48,84.99,81.9,83.91,47.1214,26196900.0,0.0
2004-08-06,86.87,87.39,83.42,83.48,46.8799,20815300.0,0.18
2004-07-30,84.85,87.4,84.51,87.07,48.7908,22923000.0,0.0
2004-07-23,84.5,87.11,84.4,84.85,47.5468,28063300.0,0.0
2004-07-16,84.0,86.48,83.42,84.28,47.2274,35836700.0,0.0
2004-07-09,86.5,86.73,83.51,83.89,47.0088,26209600.0,0.0
2004-07-02,89.71,89.9,86.57,87.04,48.774,21510400.0,0.0
2004-06-25,90.4,90.92,88.94,89.55,50.1805,22021500.0,0.0
2004-06-18,90.05,91.21,89.62,90.06,50.4663,22426400.0,0.0
2004-06-10,88.75,90.75,88.01,90.46,50.6904,18366900.0,0.0
2004-06-04,88.09,88.64,87.3,87.56,49.0654,15611800.0,0.0
2004-05-28,87.75,89.08,86.55,88.59,49.6425,20742800.0,0.0
2004-05-21,85.3,88.88,85.15,87.13,48.8244,26694400.0,0.0
2004-05-14,87.6,88.15,85.12,86.41,48.4209,31619400.0,0.0
2004-05-07,88.13,89.75,87.2012,88.19,49.4184,25650700.0,0.18
2004-04-30,90.75,91.99,88.01,88.17,49.3067,26790300.0,0.0
2004-04-23,91.9,92.48,89.7,91.28,51.0459,26094200.0,0.0
2004-04-16,93.5,94.36,91.04,92.28,51.6051,31404700.0,0.0
2004-04-08,93.95,94.39,92.51,93.12,52.0749,16201400.0,0.0
2004-04-02,92.99,94.55,91.35,94.2,52.6789,25046900.0,0.0
2004-03-26,91.27,93.25,90.28,92.77,51.8792,27482700.0,0.0
2004-03-19,92.6,93.79,90.88,91.62,51.2361,27477500.0,0.0
2004-03-12,96.49,96.88,91.15,93.3,52.1756,32862500.0,0.0
2004-03-05,96.5,97.6,95.56,96.45,53.9371,21755500.0,0.0
2004-02-27,97.4,97.51,95.2,96.5,53.9651,25680600.0,0.0
2004-02-20,99.99,100.0,97.19,97.31,54.418,19898100.0,0.0
2004-02-13,99.31,100.31,98.41,99.71,55.7602,20479500.0,0.0
2004-02-06,99.15,100.43,98.25,98.94,55.3296,31683700.0,0.16
2004-01-30,97.9,99.85,96.55,99.23,55.4022,30864500.0,0.0
2004-01-23,96.0,98.21,95.73,97.9,54.6596,25889600.0,0.0
2004-01-16,91.21,95.65,89.01,95.32,53.2191,48592000.0,0.0
2004-01-09,92.0,93.38,91.0,91.21,50.9244,28694600.0,0.0
2004-01-02,93.1,93.73,91.2,91.55,51.1143,18092000.0,0.0
2003-12-26,92.83,93.5,92.18,92.9,51.868,11178100.0,0.0
2003-12-19,93.43,94.12,91.88,93.14,52.002,33482600.0,0.0
2003-12-12,90.52,93.16,90.52,92.71,51.7619,30943400.0,0.0
2003-12-05,90.9,91.48,90.03,90.64,50.6062,27735300.0,0.0
2003-11-28,89.03,90.68,88.95,90.54,50.5504,15370200.0,0.0
2003-11-21,89.9,90.18,88.23,88.63,49.484,25235500.0,0.0
2003-11-14,89.55,91.48,88.89,90.25,50.3884,28880700.0,0.0
2003-11-07,89.9,90.84,87.72,88.26,49.2774,28479700.0,0.16
2003-10-31,88.8,90.71,88.05,89.48,49.8692,28610800.0,0.0
2003-10-24,89.35,89.4,87.53,88.42,49.2785,29376600.0,0.0
2003-10-17,93.1,94.54,88.66,89.23,49.7299,47597600.0,0.0
2003-10-10,90.74,93.6,90.4,92.67,51.6471,27727600.0,0.0
2003-10-03,89.25,91.95,87.9,90.64,50.5157,35612700.0,0.0
2003-09-26,92.24,92.24,89.0,89.05,49.6296,34494900.0,0.0
2003-09-19,89.7,93.47,88.39,93.28,51.987,42039300.0,0.0
2003-09-12,88.45,89.97,86.4,88.7,49.4345,41601200.0,0.0
2003-09-05,82.4,88.29,82.3,86.95,48.4592,41027800.0,0.0
2003-08-29,82.85,83.03,81.27,82.01,45.706,24293600.0,0.0
2003-08-22,82.05,84.72,81.9,82.97,46.2411,30615500.0,0.0
2003-08-15,80.87,82.19,80.28,81.79,45.5834,22220100.0,0.0
2003-08-08,80.75,81.36,78.73,80.88,45.0762,30290600.0,0.16
2003-08-01,83.67,83.7,80.05,81.27,45.2029,34886500.0,0.0
2003-07-25,83.2,83.74,81.51,83.55,46.4711,33171000.0,0.0
2003-07-18,86.0,87.03,82.5,83.72,46.5656,45286100.0,0.0
2003-07-11,84.8,86.75,83.47,84.89,47.2164,32242400.0,0.0
2003-07-03,83.9,84.89,81.4,83.95,46.6935,22755900.0,0.0
2003-06-27,84.79,84.79,82.09,83.42,46.3988,27829700.0,0.0
2003-06-20,83.1,85.29,82.55,84.92,47.2331,37484300.0,0.0
2003-06-13,80.0,84.98,79.81,82.75,46.0261,41268000.0,0.0
2003-06-06,89.0,89.08,79.84,80.05,44.5243,69955400.0,0.0
2003-05-30,84.51,88.7,84.51,88.04,48.9684,26786400.0,0.0
2003-05-23,88.05,88.47,84.89,85.26,47.4222,32835800.0,0.0
2003-05-16,87.55,90.4,87.1,88.99,49.4968,38800700.0,0.0
2003-05-09,87.2,88.34,85.75,87.55,48.6959,35257500.0,0.16
2003-05-02,84.05,87.57,83.62,87.57,48.6173,39359000.0,0.0
2003-04-25,84.4,86.06,82.6,83.88,46.5687,36064700.0,0.0
2003-04-17,78.5,84.4,78.16,84.26,46.7796,42212300.0,0.0
2003-04-11,82.6,82.9,78.13,78.75,43.7206,39935800.0,0.0
2003-04-04,79.26,83.48,78.12,80.79,44.8531,46339300.0,0.0
2003-03-28,82.46,84.0,80.5,80.85,44.8865,42576300.0,0.0
2003-03-21,78.0,84.9,77.84,84.9,47.1349,58133300.0,0.0
2003-03-14,77.45,79.48,73.17,79.0,43.8594,48104400.0,0.0
2003-03-07,78.9,79.0,75.71,77.9,43.2487,32954000.0,0.0
2003-02-28,79.7,79.99,76.75,77.95,43.2764,39649300.0,0.0
2003-02-21,78.02,80.05,77.91,79.95,44.3868,26970500.0,0.0
2003-02-14,77.1,78.97,74.31,77.45,42.9988,41674400.0,0.0
2003-02-07,78.2,78.9,76.25,77.1,42.8045,37378500.0,0.15
2003-01-31,77.99,81.3,77.02,78.2,43.3314,42173800.0,0.0
2003-01-24,81.3,81.85,78.82,78.99,43.7691,34478700.0,0.0
2003-01-17,88.31,88.95,81.18,81.3,45.0491,53450200.0,0.0
2003-01-10,81.9,88.04,81.81,87.68,48.5843,50004000.0,0.0
2003-01-03,77.0,81.65,75.6,81.65,45.243,29764800.0,0.0
2002-12-27,79.75,81.5,76.61,77.36,42.8659,20460800.0,0.0
2002-12-20,79.6,81.79,78.24,79.79,44.2124,36539200.0,0.0
2002-12-13,81.0,82.48,78.27,80.0,44.3288,37355200.0,0.0
2002-12-06,88.6,89.46,81.07,82.32,45.6143,41270300.0,0.0
2002-11-29,84.63,88.11,83.52,86.92,48.1632,28402500.0,0.0
2002-11-22,80.8,85.17,77.84,84.43,46.7835,45101100.0,0.0
2002-11-15,77.59,80.99,76.7,80.01,44.3343,49429400.0,0.0
2002-11-08,81.99,83.81,77.2,77.59,42.9934,52109900.0,0.15
2002-11-01,75.15,80.5,74.2,80.4,44.4686,56125400.0,0.0
2002-10-25,73.65,75.9,71.75,74.56,41.2385,51727300.0,0.0
2002-10-18,61.54,74.25,61.54,74.25,41.0671,72253200.0,0.0
2002-10-11,56.6,63.92,54.01,63.92,35.3536,67066500.0,0.0
2002-10-04,59.55,62.0,55.77,56.6,31.305,60869200.0,0.0
2002-09-27,63.75,64.88,59.55,60.36,33.3846,59368300.0,0.0
2002-09-20,72.0,73.45,63.9,63.92,35.3536,59733100.0,0.0
2002-09-13,72.45,77.5,71.31,72.5,40.0992,29374700.0,0.0
2002-09-06,74.2,75.0,71.5,73.2,40.4863,24168200.0,0.0
2002-08-30,80.4,80.89,75.1,75.38,41.6921,31535800.0,0.0
2002-08-23,79.35,82.85,79.01,80.4,44.4686,37599000.0,0.0
2002-08-16,71.05,79.98,70.61,79.35,43.8879,42544100.0,0.0
2002-08-09,67.94,74.3,65.85,71.83,39.7286,38896400.0,0.15
2002-08-02,70.37,72.7,67.12,67.88,37.4626,50523500.0,0.0
2002-07-26,71.25,72.19,65.7,66.4,36.6458,64004300.0,0.0
2002-07-19,68.4,74.2,66.6,72.0,39.7365,59368700.0,0.0
2002-07-12,73.0,73.48,67.55,69.21,38.1967,50325700.0,0.0
2002-07-05,72.01,73.9,67.16,73.5,40.5643,37781700.0,0.0
2002-06-28,67.25,73.62,66.1,72.0,39.7365,56342200.0,0.0
2002-06-21,76.18,77.75,68.19,68.75,37.9428,51132700.0,0.0
2002-06-14,77.75,78.8,73.25,76.17,42.0379,45826900.0,0.0
2002-06-07,80.75,80.95,77.0,78.3,43.2134,37678900.0,0.0
2002-05-31,82.8,83.11,80.22,80.45,44.4,21571900.0,0.0
2002-05-24,85.45,85.46,82.52,83.1,45.8625,25012600.0,0.0
2002-05-17,80.25,86.49,79.5,85.69,47.2919,37347700.0,0.0
2002-05-10,81.7,83.0,75.92,79.68,43.975,61363200.0,0.15
2002-05-03,84.71,85.23,81.11,81.78,45.052,42862500.0,0.0
2002-04-26,88.95,89.08,84.7,84.71,46.6661,31976500.0,0.0
2002-04-19,86.5,90.03,84.0,89.0,49.0295,51860900.0,0.0
2002-04-12,87.5,89.95,83.34,85.6,47.1564,110897800.0,0.0
2002-04-05,104.0,104.0,97.25,97.25,53.5743,36348600.0,0.0
2002-03-28,105.8,106.66,102.3,104.0,57.2929,25371800.0,0.0
2002-03-22,107.1,108.64,104.7,105.6,58.1743,25381100.0,0.0
2002-03-15,104.35,108.85,103.6,106.79,58.8299,42307200.0,0.0
2002-03-08,103.35,107.5,103.13,105.09,57.8933,47715500.0,0.0
2002-03-01,98.45,103.1,95.99,103.02,56.753,51947900.0,0.0
2002-02-22,101.5,101.8,95.76,98.45,54.2354,48524400.0,0.0
2002-02-15,105.0,109.15,101.7,102.89,56.6814,39939500.0,0.0
2002-02-08,108.0,108.5,102.61,104.99,57.8383,35602600.0,0.14
2002-02-01,109.5,110.21,101.0,108.0,59.4184,55992100.0,0.0
2002-01-25,114.25,114.26,107.0,109.28,60.1226,38030400.0,0.0
2002-01-18,120.0,120.55,112.81,114.25,62.857,50634800.0,0.0
2002-01-11,125.0,126.39,120.28,120.31,66.191,31815400.0,0.0
2002-01-04,122.75,125.6,119.8,125.6,69.1014,27402400.0,0.0
2001-12-28,122.05,123.93,121.1,122.9,67.616,13450200.0,0.0
2001-12-21,120.15,124.7,120.15,122.0,67.1208,34859100.0,0.0
2001-12-14,120.0,123.21,119.41,121.1,66.6257,36439000.0,0.0
2001-12-07,114.8,121.98,113.21,120.4,66.2405,45132800.0,0.0
2001-11-30,115.9,116.4,111.81,115.59,63.5942,29636100.0,0.0
2001-11-23,114.7,116.8,113.05,115.35,63.4622,17282200.0,0.0
2001-11-16,113.0,117.0,112.05,114.5,62.9945,36592100.0,0.0
2001-11-09,109.95,115.56,109.0,114.08,62.7635,37385000.0,0.14
2001-11-02,110.5,111.12,106.9,109.5,60.1697,37116500.0,0.0
2001-10-26,102.65,112.1,101.9,111.16,61.0819,43172300.0,0.0
2001-10-19,99.85,106.7,99.66,102.65,56.4057,63537500.0,0.0
2001-10-12,98.03,101.0,94.9,100.84,55.4111,48258400.0,0.0
2001-10-05,91.72,98.88,91.34,98.02,53.8615,46507700.0,0.0
2001-09-28,91.8,96.0,87.49,91.72,50.3997,61809500.0,0.0
2001-09-21,93.9,96.85,89.5,90.5,49.7293,75868900.0,0.0
2001-09-10,96.0,97.4,95.59,96.47,53.0098,10311500.0,0.0
2001-09-07,100.15,103.13,96.0,96.59,53.0757,41322600.0,0.0
2001-08-31,106.99,108.2,98.86,99.95,54.922,38331400.0,0.0
2001-08-24,104.68,107.8,101.4,106.99,58.7905,33343800.0,0.0
2001-08-17,105.0,106.85,103.66,104.59,57.4717,29688900.0,0.0
2001-08-10,107.25,107.37,102.7,104.95,57.6695,26622100.0,0.14
2001-08-03,104.9,110.09,104.76,108.18,59.3646,25049100.0,0.0
2001-07-27,105.7,106.95,102.73,104.7,57.4549,32638300.0,0.0
2001-07-20,108.53,109.38,103.03,105.7,58.0037,48299000.0,0.0
2001-07-13,106.5,109.3,101.56,108.53,59.5567,45082800.0,0.0
2001-07-06,113.5,115.4,105.81,106.5,58.4427,25362500.0,0.0
2001-06-29,113.75,116.95,111.1,113.5,62.284,35230300.0,0.0
2001-06-22,113.98,117.25,111.36,112.87,61.9383,33926900.0,0.0
2001-06-15,116.3,118.47,113.38,113.6,62.3389,39520000.0,0.0
2001-06-08,113.25,119.0,112.85,116.1,63.7108,29113600.0,0.0
2001-06-01,117.35,117.59,111.64,112.89,61.9492,27279700.0,0.0
2001-05-25,117.95,119.9,117.1,117.8,64.6436,34172800.0,0.0
2001-05-18,111.2,117.68,111.0,117.44,64.4461,32527500.0,0.0
2001-05-11,116.2,118.9,110.96,111.81,61.3566,37758700.0,0.14
2001-05-04,116.4,118.95,111.2,115.86,63.5035,40113600.0,0.0
2001-04-27,114.01,116.9,111.68,116.2,63.6899,38874700.0,0.0
2001-04-20,96.2,116.4,95.2,114.83,62.939,77541600.0,0.0
2001-04-12,98.5,101.94,93.8,96.2,52.7278,40874500.0,0.0
2001-04-06,97.45,100.0,90.05,97.95,53.6869,61562900.0,0.0
2001-03-30,95.25,100.0,93.75,96.18,52.7168,52337900.0,0.0
2001-03-23,91.0,94.99,87.65,93.51,51.2534,56911400.0,0.0
2001-03-16,97.9,98.9,88.2,90.1,49.3843,69318700.0,0.0
2001-03-09,102.81,108.4,97.9,99.29,54.4214,46134500.0,0.0
2001-03-02,105.8,107.65,97.5,102.3,56.0712,59912700.0,0.0
2001-02-23,114.55,115.6,100.25,104.0,57.003,42890800.0,0.0
2001-02-16,110.55,118.64,110.3,115.0,63.0321,36127100.0,0.0
2001-02-09,109.4,118.2,109.3,112.0,61.3878,36346600.0,0.13
2001-02-02,112.5,116.75,109.6,110.27,60.3725,32690400.0,0.0
2001-01-26,109.5,115.25,107.62,114.19,62.5187,40283600.0,0.0
2001-01-19,93.75,113.94,91.81,111.25,60.909,55406000.0,0.0
2001-01-12,93.5,96.44,91.25,93.81,51.3607,37351000.0,0.0
2001-01-05,84.5,99.75,83.75,94.0,51.4647,44240800.0,0.0
2000-12-29,89.0,89.56,82.12,85.0,46.5372,31039700.0,0.0
2000-12-22,88.37,94.44,80.06,89.0,48.7272,50218000.0,0.0
2000-12-15,96.5,98.25,87.31,87.81,48.0757,41477400.0,0.0
2000-12-08,96.0,104.75,93.12,97.0,53.1072,37530500.0,0.0
2000-12-01,100.44,102.0,92.25,95.62,52.3516,32366400.0,0.0
2000-11-24,101.5,104.37,98.31,99.94,54.7168,22641900.0,0.0
2000-11-17,91.81,102.5,91.62,101.94,55.8118,29453200.0,0.0
2000-11-10,99.87,103.75,93.0,93.0,50.9172,32715700.0,0.13
2000-11-03,93.5,102.62,90.31,100.12,54.7442,39746400.0,0.0
2000-10-27,94.75,95.0,86.94,93.69,51.2284,48790400.0,0.0
2000-10-20,111.5,113.87,90.25,94.75,51.808,73706800.0,0.0
2000-10-13,115.94,119.37,103.12,109.06,59.6325,38085500.0,0.0
2000-10-06,112.62,119.62,108.56,116.0,63.4272,43940700.0,0.0
2000-09-29,124.5,126.62,110.25,112.62,61.579,31360800.0,0.0
2000-09-22,125.25,126.69,120.0,123.87,67.7304,22129500.0,0.0
2000-09-15,127.87,129.19,122.75,125.0,68.3483,28000200.0,0.0
2000-09-08,132.81,134.88,129.38,129.5,70.8088,20201600.0,0.0
2000-09-01,129.88,134.94,129.56,133.63,73.067,30751200.0,0.0
2000-08-25,121.06,129.88,119.87,129.0,70.5354,24522100.0,0.0
2000-08-18,120.0,123.69,119.31,120.44,65.8549,23739400.0,0.0
2000-08-11,116.62,121.81,115.56,120.62,65.9533,29859300.0,0.13
2000-08-04,110.5,116.5,110.06,115.87,63.2869,24015800.0,0.0
2000-07-28,114.12,115.62,108.87,111.81,61.0694,28454700.0,0.0
2000-07-21,104.44,117.81,101.0,114.75,62.6752,52881600.0,0.0
2000-07-14,104.69,105.94,101.0,103.94,56.7709,25072200.0,0.0
2000-07-07,108.75,109.87,100.0,105.06,57.3826,38608400.0,0.0
2000-06-30,113.0,115.75,108.62,109.56,59.8404,32971500.0,0.0
2000-06-23,113.5,120.69,110.81,111.87,61.1021,27864000.0,0.0
2000-06-16,119.12,120.44,113.25,113.25,61.8559,26364000.0,0.0
2000-06-09,108.44,122.31,108.44,119.69,65.3733,37831000.0,0.0
2000-06-02,107.75,111.0,105.5,108.81,59.4308,18535800.0,0.0
2000-05-26,106.0,112.25,103.44,106.94,58.4094,31197000.0,0.0
2000-05-19,104.0,109.25,102.0,106.44,58.1363,29694500.0,0.0
2000-05-12,108.06,110.62,102.06,104.44,57.0439,33410400.0,0.13
2000-05-05,112.5,113.62,106.5,107.87,58.8477,22151300.0,0.0
2000-04-28,102.0,113.94,101.25,111.5,60.828,35488400.0,0.0
2000-04-20,103.87,115.12,102.06,104.0,56.7364,43482800.0,0.0
2000-04-14,124.75,125.37,102.87,105.0,57.282,42149600.0,0.0
2000-04-07,120.0,128.0,115.06,123.12,67.1672,47344000.0,0.0
2000-03-31,125.0,128.25,117.06,118.37,64.5759,44498000.0,0.0
2000-03-24,110.0,122.25,109.94,120.62,65.8033,38090900.0,0.0
2000-03-17,104.0,111.69,102.5,110.0,60.0097,36990400.0,0.0
2000-03-10,109.94,111.0,101.0,105.25,57.4183,42586200.0,0.0
2000-03-03,104.62,110.0,99.5,108.0,58.9186,51128300.0,0.0
2000-02-25,112.0,113.44,104.94,108.0,58.9186,34514300.0,0.0
2000-02-18,116.0,118.87,111.5,112.5,61.3735,26599300.0,0.0
2000-02-11,116.0,119.75,113.12,115.37,62.9392,26814500.0,0.12
2000-02-04,111.37,118.44,109.12,115.62,63.012,32834200.0,0.0
2000-01-28,121.87,122.87,110.06,111.56,60.7993,33325200.0,0.0
2000-01-21,119.69,124.75,112.69,121.5,66.2165,41930500.0,0.0
2000-01-14,117.25,123.31,115.37,119.62,65.1919,42663900.0,0.0
2000-01-07,112.44,119.75,110.62,113.5,61.8566,51137300.0,0.0
1999-12-31,109.69,110.75,106.62,107.87,58.7883,16812500.0,0.0
1999-12-23,109.06,110.44,107.75,108.62,59.197,18144100.0,0.0
1999-12-17,108.12,112.75,104.5,110.0,59.9491,38810100.0,0.0
1999-12-10,113.0,122.12,107.56,109.0,59.4041,58626000.0,0.0
1999-12-03,104.94,112.87,102.12,111.87,60.9683,37670000.0,0.0
1999-11-26,105.5,109.87,101.81,105.0,57.2242,37165600.0,0.0
1999-11-19,96.0,105.12,92.62,103.94,56.6465,61550800.0,0.0
1999-11-12,90.5,97.5,90.5,95.87,52.2484,43569700.0,0.12
