date,1. open,2. high,3. low,4. close,5. adjusted close,6. volume,7. dividend amount
2023-01-27,141.4,142.985,132.98,134.39,134.39,43345140.0,0.0
2023-01-20,146.42,147.18,139.75,141.2,141.2,21419368.0,0.0
2023-01-13,144.08,146.66,142.9,145.89,145.89,14580596.0,0.0
2023-01-06,141.1,144.25,140.01,143.7,143.7,13648755.0,0.0
2022-12-30,141.73,142.81,139.45,140.89,140.89,10477419.0,0.0
2022-12-23,140.16,143.09,137.195,141.65,141.65,19663576.0,0.0
2022-12-16,147.82,153.21,138.97,140.16,140.16,33572382.0,0.0
2022-12-09,147.94,149.153,146.29,147.05,147.05,15316930.0,0.0
2022-12-02,147.98,150.01,145.67,148.67,148.67,20066941.0,0.0
2022-11-25,147.55,150.46,146.45,148.37,148.37,16271883.0,0.0
2022-11-18,142.63,148.31,142.0,147.64,147.64,22034930.0,0.0
2022-11-11,136.64,144.13,136.51,143.17,143.17,25066114.0,1.65
2022-11-04,138.06,140.17,133.97,136.96,135.3347,22491556.0,0.0
2022-10-28,130.9,138.8615,129.85,138.51,136.8663,26667185.0,0.0
2022-10-21,121.8,130.845,121.43,129.9,128.3585,37309868.0,0.0
2022-10-14,119.79,122.54,115.545,120.04,118.6155,22973512.0,0.0
2022-10-07,120.16,126.46,118.07,118.82,117.41,21614952.0,0.0
2022-09-30,122.3,124.26,118.61,118.81,117.4001,22265241.0,0.0
2022-09-23,126.49,128.06,121.74,122.71,121.2538,19442664.0,0.0
2022-09-16,130.33,130.99,123.83,127.27,125.7597,27107187.0,0.0
2022-09-09,127.8,129.49,126.28,129.19,127.6569,12004834.0,0.0
2022-09-02,129.99,131.42,127.24,127.79,126.2735,15086608.0,0.0
2022-08-26,137.65,137.85,130.34,130.38,128.8328,16982107.0,0.0
2022-08-19,132.96,139.34,132.24,138.37,136.728,17105977.0,0.0
2022-08-12,133.1,134.09,129.12,134.01,132.4197,17254110.0,1.65
2022-08-05,130.75,132.862,130.51,132.48,129.2605,17400572.0,0.0
2022-07-29,128.44,131.0,127.58,130.79,127.6116,22223785.0,0.0
2022-07-22,140.15,140.31,125.13,128.25,125.1333,66246811.0,0.0
2022-07-15,140.62,141.87,135.02,139.92,136.5197,21089228.0,0.0
2022-07-08,139.97,141.325,135.27,140.47,137.0563,16229131.0,0.0
2022-07-01,142.26,144.155,139.26,141.12,137.6906,21052787.0,0.0
2022-06-24,135.9,142.37,135.9,142.06,138.6077,23921844.0,0.0
2022-06-17,133.97,138.45,132.85,135.02,131.7388,34055621.0,0.0
2022-06-10,142.98,144.73,135.25,136.19,132.8804,18914084.0,0.0
2022-06-03,138.2,142.5794,136.81,141.18,137.7491,19861566.0,0.0
2022-05-27,129.5,139.7394,129.42,139.27,135.8855,19618090.0,0.0
2022-05-20,133.1,138.37,125.8,128.48,125.3577,27360441.0,0.0
2022-05-13,134.41,136.345,128.43,133.6,130.3533,31171489.0,1.65
2022-05-06,133.0,137.99,130.89,137.67,132.6958,27079586.0,0.0
2022-04-29,137.59,139.87,132.0,132.21,127.4331,24560464.0,0.0
2022-04-22,126.6,141.88,125.53,138.25,133.2548,47056765.0,0.0
2022-04-14,127.95,130.58,124.91,126.56,121.9872,15342641.0,0.0
2022-04-08,130.26,131.23,126.73,127.73,123.1149,16553021.0,0.0
2022-04-01,130.82,133.08,128.06,130.15,125.4475,19183786.0,0.0
2022-03-25,129.0,131.4,127.4,131.35,126.6041,15440952.0,0.0
2022-03-18,124.45,128.93,122.685,128.76,124.1077,22675632.0,0.0
2022-03-11,126.47,128.345,123.125,123.96,119.4812,23784887.0,0.0
2022-03-04,122.21,127.35,120.7,126.62,122.0451,26131658.0,0.0
2022-02-25,124.2,125.0,118.81,124.18,119.6932,20417161.0,0.0
2022-02-18,132.59,132.65,123.61,124.35,119.8571,26022824.0,0.0
2022-02-11,137.45,138.35,132.38,132.69,127.8957,23489144.0,1.64
2022-02-04,134.09,138.82,132.3,137.15,130.5906,27665550.0,0.0
2022-01-28,127.99,137.3361,124.193,134.5,128.0673,52800401.0,0.0
2022-01-21,132.95,133.9,129.27,129.35,123.1636,20520487.0,0.0
2022-01-14,134.47,136.2,127.97,134.21,127.7912,32044685.0,0.0
2022-01-07,134.07,142.2,132.51,134.83,128.3815,36013766.0,0.0
2021-12-31,130.63,134.99,129.95,133.66,127.2675,18454937.0,0.0
2021-12-23,125.72,130.96,124.7,130.63,124.3824,17369625.0,0.0
2021-12-17,123.76,128.64,120.79,127.4,121.3069,35216850.0,0.0
2021-12-10,119.4,125.33,119.4,124.09,118.1552,25031512.0,0.0
2021-12-03,118.62,119.61,116.45,118.84,113.1563,36059651.0,0.0
2021-11-26,116.0,118.81,114.56,115.81,110.2712,17875027.0,0.0
2021-11-19,119.54,120.16,115.27,116.05,110.4997,24272797.0,0.0
2021-11-12,123.985,124.78,118.78,118.96,113.2705,29109912.0,1.64
2021-11-05,125.05,127.29,119.9,123.61,116.1223,29791780.0,0.0
2021-10-29,127.53,128.65,124.62,125.1,112.3538,34288134.0,0.0
2021-10-22,144.0,144.94,126.611,127.88,114.8505,59731582.0,0.0
2021-10-15,143.5,144.85,139.66,144.61,129.8759,16262687.0,0.0
2021-10-08,142.74,146.0,140.89,143.22,128.6276,27211291.0,0.0
2021-10-01,137.96,143.97,136.44,143.32,128.7174,23824191.0,0.0
2021-09-24,133.9,138.48,132.78,137.49,123.4814,18425230.0,0.0
2021-09-17,138.4,138.99,135.05,135.23,121.4516,20130213.0,0.0
2021-09-10,139.65,139.79,137.0,137.02,123.0593,13754250.0,0.0
2021-09-03,139.5,140.94,138.815,139.58,125.3584,13345045.0,0.0
2021-08-27,139.62,140.8,138.4,139.41,125.2057,12376600.0,0.0
2021-08-20,143.23,143.74,137.21,139.11,124.9363,16189007.0,0.0
2021-08-13,142.2,143.58,140.34,143.18,128.5916,18462255.0,1.64
2021-08-06,141.45,144.7,141.03,144.09,127.9236,16428567.0,0.0
2021-07-30,141.39,143.64,140.79,140.96,125.1448,16120616.0,0.0
2021-07-23,136.45,144.92,136.2089,141.34,125.4822,34786264.0,0.0
2021-07-16,141.43,141.9599,138.59,138.9,123.3159,18659679.0,0.0
2021-07-09,139.99,141.98,137.1,141.52,125.642,21544898.0,0.0
2021-07-02,147.01,147.5,139.46,140.02,124.3103,29077036.0,0.0
2021-06-25,144.11,147.07,144.06,146.84,130.3651,17129373.0,0.0
2021-06-18,150.71,151.03,143.04,143.12,127.0625,23177438.0,0.0
2021-06-11,147.55,152.84,147.17,151.28,134.3069,22042806.0,0.0
2021-06-04,145.0,147.55,143.75,147.42,130.88,12453017.0,0.0
2021-05-28,145.06,145.39,143.04,143.74,127.6129,18483838.0,0.0
2021-05-21,144.44,145.8,140.92,144.74,128.5007,20546126.0,0.0
2021-05-14,145.8,148.38,141.14,144.68,128.4474,27415665.0,0.0
2021-05-07,143.81,148.515,143.55,145.46,129.1399,31590796.0,1.64
2021-04-30,142.42,148.74,140.55,141.88,124.5573,25588990.0,0.0
2021-04-23,133.6,144.74,132.58,142.43,125.0401,47246234.0,0.0
2021-04-16,135.02,135.37,130.38,133.59,117.2794,26831249.0,0.0
2021-04-09,133.64,136.69,133.4,135.73,119.1581,19179860.0,0.0
2021-04-01,135.98,137.07,132.27,133.23,116.9634,18432506.0,0.0
2021-03-26,128.5,136.48,127.89,136.38,119.7288,23647858.0,0.0
2021-03-19,127.77,130.995,127.34,128.9,113.162,28046462.0,0.0
2021-03-12,122.99,128.64,122.88,127.61,112.0295,29253064.0,0.0
2021-03-05,120.35,123.75,118.755,122.83,107.8332,32662092.0,0.0
2021-02-26,118.5,124.35,118.44,118.93,104.4093,30731807.0,0.0
2021-02-19,120.15,120.94,118.38,118.99,104.462,22567552.0,0.0
2021-02-12,122.62,123.9767,120.09,120.8,106.051,24634263.0,1.63
2021-02-05,119.9,121.81,118.12,121.79,105.5116,28405606.0,0.0
2021-01-29,118.7624,124.79,117.45,119.11,103.1898,56437187.0,0.0
2021-01-22,129.28,132.24,117.36,118.61,102.7566,61879427.0,0.0
2021-01-15,127.95,130.16,126.455,128.39,111.2294,29417959.0,0.0
2021-01-08,125.85,131.88,123.04,128.53,111.3507,28434389.0,0.0
2020-12-31,125.1,126.6,123.24,125.88,109.0549,14025419.0,0.0
2020-12-24,123.97,125.21,121.72,124.69,108.024,14908439.0,0.0
2020-12-18,125.32,126.5728,123.44,125.85,109.0289,25280527.0,0.0
2020-12-11,126.49,127.69,123.61,124.27,107.6601,29511629.0,0.0
2020-12-04,124.1,127.38,122.41,127.2,110.1985,24848983.0,0.0
2020-11-27,117.43,125.313,117.27,124.35,107.7294,19418148.0,0.0
2020-11-20,118.3,118.88,115.89,116.94,101.3098,22498909.0,0.0
2020-11-13,117.88,119.74,113.48,116.85,101.2319,30088820.0,1.63
2020-11-06,112.65,115.65,111.16,114.04,97.4229,25467232.0,0.0
2020-10-30,114.45,114.9,105.92,111.66,95.3897,37250916.0,0.0
2020-10-23,126.8,127.35,112.98,116.0,99.0973,50486636.0,0.0
2020-10-16,128.07,128.25,123.85,125.93,107.5804,21874963.0,0.0
2020-10-09,121.84,135.5,121.05,127.79,109.1694,43381507.0,0.0
2020-10-02,120.57,123.3,118.82,120.57,103.0014,15038264.0,0.0
2020-09-25,120.48,121.59,116.48,118.95,101.6175,18708494.0,0.0
2020-09-18,122.36,125.82,121.76,122.76,104.8723,18909398.0,0.0
2020-09-11,122.16,123.7,120.24,121.46,103.7617,16507866.0,0.0
2020-09-04,125.25,129.95,121.24,122.3,104.4793,26310920.0,0.0
2020-08-28,123.79,126.82,123.36,125.07,106.8457,16959794.0,0.0
2020-08-21,125.25,125.59,122.31,123.16,105.214,15908978.0,0.0
2020-08-14,125.42,130.47,123.91,125.27,107.0166,18634659.0,0.0
2020-08-07,123.5,126.75,122.15,124.96,106.7517,17701697.0,1.63
2020-07-31,124.86,126.34,121.09,122.94,103.6737,20010578.0,0.0
2020-07-24,126.07,132.17,125.14,125.79,106.0771,41040414.0,0.0
2020-07-17,119.78,125.63,117.92,125.11,105.5037,21958911.0,0.0
2020-07-10,121.25,121.85,115.2,118.35,99.803,22560031.0,0.0
2020-07-02,117.98,121.42,117.37,119.7,100.9415,16478700.0,0.0
2020-06-26,122.12,122.9,115.88,117.19,98.8248,35016186.0,0.0
2020-06-19,119.19,127.5,118.29,122.47,103.2774,24867689.0,0.0
2020-06-12,132.27,135.88,117.84,121.91,102.8052,33456639.0,0.0
2020-06-05,124.64,134.23,124.03,132.06,111.3645,19514867.0,0.0
2020-05-29,121.3,126.97,121.01,124.9,105.3266,23037728.0,0.0
2020-05-22,119.88,122.47,117.59,118.39,99.8368,19484187.0,0.0
2020-05-15,121.81,124.32,111.81,116.98,98.6477,24229073.0,0.0
2020-05-08,120.82,124.32,119.39,122.99,103.7159,21189890.0,1.63
2020-05-01,125.56,129.31,121.39,121.87,101.4079,26502989.0,0.0
2020-04-24,119.15,125.0,112.06,124.72,103.7794,41252209.0,0.0
2020-04-17,121.63,125.18,114.42,120.12,99.9518,27240371.0,0.0
2020-04-09,110.35,122.92,110.13,121.5,101.1001,23351117.0,0.0
2020-04-03,108.09,113.81,104.52,106.34,88.4854,28882211.0,0.0
2020-03-27,94.6,113.15,90.56,108.03,89.8917,39907532.0,0.0
2020-03-20,98.0,107.41,94.71,95.39,79.3739,47138046.0,0.0
2020-03-13,120.16,124.88,100.81,107.95,89.8251,55580046.0,0.0
2020-03-06,130.75,136.1,124.52,127.73,106.284,35054761.0,0.0
2020-02-28,145.51,148.05,126.36,130.15,108.2977,38480655.0,0.0
2020-02-21,149.79,151.89,148.84,149.84,124.6818,12493166.0,0.0
2020-02-14,152.97,155.6,149.77,150.7,125.3974,23423757.0,0.0
2020-02-07,144.25,158.75,143.9,153.41,127.6523,43694755.0,1.62
2020-01-31,138.5,144.05,134.97,143.73,118.3479,34661511.0,0.0
2020-01-24,137.81,145.79,137.6,140.56,115.7377,34829367.0,0.0
2020-01-17,135.48,138.33,135.07,138.31,113.885,20831539.0,0.0
2020-01-10,133.42,137.87,133.2,136.69,112.5511,17020619.0,0.0
2020-01-03,135.2,135.92,132.4,134.34,110.6161,13418364.0,0.0
2019-12-27,135.78,136.15,134.61,135.27,111.3819,8887084.0,0.0
2019-12-20,134.94,136.42,133.46,135.59,111.6454,20036502.0,0.0
2019-12-13,133.35,135.66,133.26,134.21,110.5091,17504239.0,0.0
2019-12-06,134.45,134.5,130.69,133.22,109.6939,17337693.0,0.0
2019-11-29,134.47,136.15,133.03,134.45,110.7067,11502959.0,0.0
2019-11-22,134.3,135.38,132.75,134.34,110.6161,16963107.0,0.0
2019-11-15,137.2,137.2,133.33,134.4,110.6655,16169172.0,0.0
2019-11-08,136.24,139.14,136.16,137.61,113.3086,17174941.0,1.62
2019-11-01,136.0,136.63,133.2,135.53,110.2982,16136475.0,0.0
2019-10-25,132.61,135.93,130.9,135.44,110.225,19388201.0,0.0
2019-10-18,142.31,143.72,132.25,134.09,109.1263,34208011.0,0.0
2019-10-11,142.26,144.5,138.25,142.76,116.1822,14096608.0,0.0
2019-10-04,143.73,147.35,139.18,142.99,116.3694,15911420.0,0.0
2019-09-27,141.19,145.09,140.56,143.24,116.5729,12376163.0,0.0
2019-09-20,142.56,145.03,140.51,141.88,115.4661,15262993.0,0.0
2019-09-13,140.59,145.46,140.46,143.67,116.9228,17776693.0,0.0
2019-09-06,134.85,141.7,133.33,140.57,114.3999,12663912.0,0.0
2019-08-30,131.05,136.07,129.16,135.53,110.2982,16211916.0,0.0
2019-08-23,134.88,136.33,128.83,129.57,105.4478,16504912.0,0.0
2019-08-16,135.66,136.57,130.25,133.76,108.8578,20933133.0,0.0
2019-08-09,144.98,145.1,135.35,136.13,110.7865,28623442.0,1.62
2019-08-02,151.11,152.95,145.59,147.25,118.4665,22876887.0,0.0
2019-07-26,150.16,151.94,148.38,151.36,121.7731,16794485.0,0.0
2019-07-19,142.89,151.58,141.95,149.68,120.4215,31893327.0,0.0
2019-07-12,141.05,142.92,139.13,142.74,114.8381,13194248.0,0.0
2019-07-05,139.6,141.82,139.28,141.38,113.7439,9862722.0,0.0
2019-06-28,139.2,140.15,137.84,137.9,110.9442,15575818.0,0.0
2019-06-21,135.39,139.54,134.7,139.2,111.99,15851123.0,0.0
2019-06-14,134.38,136.46,133.91,135.15,108.7317,13722199.0,0.0
2019-06-07,127.1,134.72,127.06,133.31,107.2514,16193845.0,0.0
2019-05-31,132.13,132.64,126.85,126.99,102.1668,14869322.0,0.0
2019-05-24,133.53,137.06,130.44,132.28,106.4227,15557532.0,0.0
2019-05-17,133.28,136.11,130.96,134.32,108.064,16426011.0,0.0
2019-05-10,138.3,140.69,132.42,135.32,108.8685,19509963.0,1.62
2019-05-03,139.15,141.81,138.68,140.25,111.5002,16772230.0,0.0
2019-04-26,139.42,141.31,137.71,139.44,110.8562,16961387.0,0.0
2019-04-18,144.4,145.39,136.26,140.33,111.5638,27390537.0,0.0
2019-04-12,143.02,144.44,141.84,144.35,114.7597,13675882.0,0.0
2019-04-05,141.51,144.22,141.51,143.28,113.909,14574262.0,0.0
2019-03-29,139.06,141.22,138.35,141.1,112.1759,14257045.0,0.0
2019-03-22,139.83,142.12,138.72,139.45,110.8641,17883337.0,0.0
2019-03-15,136.03,140.33,135.84,139.43,110.8482,20959826.0,0.0
2019-03-08,139.99,140.08,133.58,135.09,107.3979,18558647.0,0.0
2019-03-01,140.0,140.49,137.72,139.2,110.6654,15273342.0,0.0
2019-02-22,137.81,139.38,137.22,139.25,110.7051,13238819.0,0.0
2019-02-15,134.29,138.19,133.91,138.03,109.7352,17299173.0,0.0
2019-02-08,134.02,136.65,132.12,133.71,106.3008,21874687.0,1.57
2019-02-01,133.1,135.41,132.58,134.1,105.3688,23585862.0,0.0
2019-01-25,123.3,135.0,121.54,133.97,105.2666,44147478.0,0.0
2019-01-18,120.51,124.72,119.76,123.82,97.2913,23616108.0,0.0
2019-01-11,117.5,121.86,116.67,121.46,95.4369,19780844.0,0.0
2019-01-04,113.33,117.49,111.69,117.32,92.1839,18047093.0,0.0
2018-12-28,109.9,114.8,105.94,113.03,88.8131,21630293.0,0.0
2018-12-21,119.07,120.27,110.44,110.94,87.1709,39485288.0,0.0
2018-12-14,119.74,123.81,118.52,119.9,94.2112,23701178.0,0.0
2018-12-07,125.67,126.59,118.87,119.34,93.7711,25801474.0,0.0
2018-11-30,118.37,124.69,118.06,124.27,97.6449,27471124.0,0.0
2018-11-23,121.63,122.18,116.7,117.19,92.0818,18035587.0,0.0
2018-11-16,123.5,123.57,119.51,121.57,95.5234,23510061.0,0.0
2018-11-09,116.1,125.06,116.0,123.54,97.0713,48482997.0,1.57
2018-11-02,119.34,123.95,114.09,115.67,89.7455,87773431.0,0.0
2018-10-26,129.58,131.9,123.71,124.79,96.8214,36964774.0,0.0
2018-10-19,140.38,145.45,127.96,129.1,100.1655,50928336.0,0.0
2018-10-12,148.5,149.07,138.78,140.85,109.282,27703434.0,0.0
2018-10-05,151.71,154.36,147.87,149.03,115.6286,18943237.0,0.0
2018-09-28,151.1,153.35,148.36,151.21,117.32,22847744.0,0.0
2018-09-21,148.44,152.6,147.47,151.35,117.4287,37327961.0,0.0
2018-09-14,146.6,149.3,145.25,148.33,115.0855,20298346.0,0.0
2018-09-07,145.98,147.66,144.81,145.45,112.851,15394651.0,0.0
2018-08-31,146.94,147.93,145.25,146.48,113.6502,15929583.0,0.0
2018-08-24,146.37,147.16,144.75,146.04,113.3088,12992907.0,0.0
2018-08-17,144.15,146.39,142.0,146.06,113.3243,17890077.0,0.0
2018-08-10,146.95,147.64,143.88,144.48,112.0984,17100909.0,1.57
2018-08-03,144.8,147.92,142.33,147.7,113.3673,24366161.0,0.0
2018-07-27,146.35,149.27,144.66,145.15,111.41,19940363.0,0.0
2018-07-20,145.67,150.54,142.74,146.35,112.3311,36572622.0,0.0
2018-07-13,142.59,146.98,142.47,145.9,111.9857,17395351.0,0.0
2018-07-06,138.28,142.94,138.2,142.48,109.3607,12024030.0,0.0
2018-06-29,140.4,141.36,137.45,139.7,107.2269,25451478.0,0.0
2018-06-22,144.18,144.52,140.78,141.28,108.4396,21004666.0,0.0
2018-06-15,146.62,147.52,143.7,145.39,111.5942,21311072.0,0.0
2018-06-08,142.3,146.7,142.18,146.14,112.1699,18618365.0,0.0
2018-06-01,142.53,143.1,140.21,141.95,108.9539,20343954.0,0.0
2018-05-25,144.95,146.2,142.95,143.64,110.251,16951460.0,0.0
2018-05-18,144.47,145.19,142.92,144.08,110.5887,16304020.0,0.0
2018-05-11,144.0,144.85,141.28,144.14,110.6348,20021856.0,1.57
2018-05-04,146.86,147.38,139.9,143.91,109.2555,23464605.0,0.0
2018-04-27,145.03,147.36,144.11,146.48,111.2066,25028049.0,0.0
2018-04-20,157.99,162.0,144.51,144.9,110.0071,51127683.0,0.0
2018-04-13,151.8,159.22,151.74,156.71,118.9731,21372171.0,0.0
2018-04-06,153.34,154.92,147.45,150.57,114.3117,20949699.0,0.0
2018-03-29,151.21,154.87,150.28,153.43,116.483,14934365.0,0.0
2018-03-23,159.71,159.89,148.54,148.89,113.0362,21959274.0,0.0
2018-03-16,159.64,162.11,157.74,160.26,121.6683,25076217.0,0.0
2018-03-09,154.12,159.58,153.75,159.31,120.947,22842811.0,0.0
2018-03-02,155.81,159.78,151.88,154.49,117.2877,18831762.0,0.0
2018-02-23,155.79,156.79,152.79,155.52,118.0697,14987102.0,0.0
2018-02-16,150.9,157.79,149.64,156.18,118.5708,25701914.0,0.0
2018-02-09,157.89,158.5,144.4,149.51,113.5069,38856237.0,1.5
2018-02-02,167.45,168.39,158.87,159.03,119.5197,21842492.0,0.0
2018-01-26,161.51,168.72,161.11,167.34,125.7652,28170112.0,0.0
2018-01-19,165.1,171.13,161.3,162.37,122.0299,51246304.0,0.0
2018-01-12,162.66,164.94,161.7,163.14,122.6086,22376145.0,0.0
2018-01-05,154.5,162.9,153.54,162.49,122.1201,26160206.0,0.0
2017-12-29,152.51,154.72,152.5,153.42,115.3035,10573732.0,0.0
2017-12-22,153.41,154.18,151.49,152.5,114.6121,20045931.0,0.0
2017-12-15,154.97,157.85,152.03,152.5,114.6121,31101402.0,0.0
2017-12-08,155.67,156.8,153.26,154.81,116.3482,20236835.0,0.0
2017-12-01,152.06,155.02,151.62,154.76,116.3106,24386604.0,0.0
2017-11-24,150.64,152.45,149.9,151.84,114.1161,13728716.0,0.0
2017-11-17,148.88,150.15,146.211,148.97,111.9591,23731918.0,0.0
2017-11-10,151.77,151.82,149.14,149.16,112.1019,21891991.0,1.5
2017-11-03,153.76,154.93,151.49,151.58,112.795,19467703.0,0.0
2017-10-27,162.05,162.51,152.911,153.68,114.3576,28529638.0,0.0
2017-10-20,147.22,162.48,146.18,162.07,120.6009,56148944.0,0.0
2017-10-13,146.5,148.95,146.35,147.1,109.4613,16128636.0,0.0
2017-10-06,145.35,147.54,145.21,146.48,108.9999,12252293.0,0.0
2017-09-29,145.12,147.42,144.21,145.08,107.9581,18131168.0,0.0
2017-09-22,144.81,145.8911,144.22,145.13,107.9953,16890140.0,0.0
2017-09-15,143.54,146.38,143.01,144.82,107.7647,24882951.0,0.0
2017-09-08,143.5,144.64,141.64,142.45,106.0011,13803467.0,0.0
2017-09-01,144.11,144.56,141.9,144.08,107.214,17765494.0,0.0
2017-08-25,139.59,144.19,139.13,143.74,106.961,15927109.0,0.0
2017-08-18,142.0,143.34,139.58,139.7,103.9547,18585485.0,0.0
2017-08-11,145.0,145.09,141.19,141.84,105.5472,18161288.0,1.5
2017-08-04,144.38,145.67,144.17,145.16,106.8894,16503121.0,0.0
2017-07-28,147.0,147.49,143.64,144.29,106.2488,21206630.0,0.0
2017-07-21,153.59,154.29,146.51,147.08,108.3032,39223438.0,0.0
2017-07-14,152.91,154.615,152.05,154.24,113.5755,15015697.0,0.0
2017-07-07,153.58,156.025,152.14,152.94,112.6183,11462576.0,0.0
2017-06-30,154.71,155.75,153.14,153.83,113.2736,13465670.0,0.0
2017-06-23,155.51,155.86,153.39,154.11,113.4798,18294998.0,0.0
2017-06-16,154.19,157.2,152.94,155.38,114.415,23761609.0,0.0
2017-06-09,151.82,154.265,150.8,154.1,113.4724,20653101.0,0.0
2017-06-02,151.95,153.2,151.59,152.05,111.9629,13583558.0,0.0
2017-05-26,152.1,153.73,151.23,152.49,112.2869,14563625.0,0.0
2017-05-19,150.62,154.14,150.11,151.98,111.9114,23606431.0,0.0
2017-05-12,152.8,153.47,149.79,150.37,110.7258,28432713.0,1.5
2017-05-05,160.05,160.42,153.0,155.05,113.0637,28746997.0,0.0
2017-04-28,161.29,162.04,159.63,160.29,116.8848,22585454.0,0.0
2017-04-21,169.75,171.69,159.6,160.38,116.9504,22353091.0,0.0
2017-04-13,172.53,172.56,168.98,169.53,123.6227,15162492.0,0.0
2017-04-07,173.82,176.33,171.28,172.14,125.5259,20657952.0,0.0
2017-03-31,172.69,175.0,172.0937,174.14,126.9843,15949938.0,0.0
2017-03-24,175.65,176.23,172.8,173.83,126.7583,16816026.0,0.0
2017-03-17,177.85,179.0,174.75,175.65,128.0854,20678038.0,0.0
2017-03-10,179.72,181.29,175.88,177.83,129.6751,18283618.0,0.0
2017-03-03,181.19,182.55,179.28,180.05,131.2939,14713309.0,0.0
2017-02-24,180.6,182.5,179.12,181.35,132.2419,13082284.0,0.0
2017-02-17,179.24,182.79,178.35,180.67,131.746,15587334.0,0.0
2017-02-10,175.31,178.8701,174.38,178.68,130.2949,15458288.0,1.4
2017-02-03,176.98,177.07,172.89,175.82,127.1986,16952754.0,0.0
2017-01-27,170.08,179.25,170.01,177.3,128.2693,24898161.0,0.0
2017-01-20,166.69,170.64,165.8,170.55,123.3859,26891514.0,0.0
2017-01-13,169.47,169.8,165.34,167.34,121.0636,16710843.0,0.0
2017-01-06,167.0,169.92,166.01,169.53,122.648,11943248.0,0.0
2016-12-30,166.98,167.98,165.5,165.99,120.087,7770697.0,0.0
2016-12-23,166.83,168.25,165.25,166.71,120.6078,13209502.0,0.0
2016-12-16,166.72,169.952,165.07,166.73,120.6223,23953742.0,0.0
2016-12-09,160.85,166.72,158.93,166.52,120.4704,17154330.0,0.0
2016-12-02,163.2,164.66,158.3,160.02,115.7679,19370850.0,0.0
2016-11-25,160.69,163.19,160.3697,163.14,118.0251,11269212.0,0.0
2016-11-18,161.25,161.86,157.55,160.39,116.0356,16168917.0,0.0
2016-11-11,153.99,161.34,151.0,161.27,116.6722,25292112.0,1.4
2016-11-04,152.76,154.33,151.67,152.43,109.2908,15168515.0,0.0
2016-10-28,150.4,154.44,149.83,152.61,109.4198,16009359.0,0.0
2016-10-21,154.45,155.89,147.79,149.63,107.2832,31731091.0,0.0
2016-10-14,156.71,158.49,152.27,154.45,110.7391,15614452.0,0.0
2016-10-07,158.06,158.53,154.86,155.67,111.6138,11417766.0,0.0
2016-09-30,154.46,165.0,153.46,158.85,113.8939,15801644.0,0.0
2016-09-23,154.87,157.22,153.87,154.98,111.1191,12476162.0,0.0
2016-09-16,155.26,158.53,153.21,153.84,110.3017,21990587.0,0.0
2016-09-09,159.88,161.76,155.65,155.69,111.6282,15009419.0,0.0
2016-09-02,158.83,160.57,158.1,159.55,114.3958,11286596.0,0.0
2016-08-26,160.0,161.34,157.85,158.32,113.5139,13571765.0,0.0
2016-08-19,162.4,162.97,159.52,160.04,114.7471,14873739.0,0.0
2016-08-12,162.73,164.95,161.52,161.95,116.1165,19554950.0,1.4
2016-08-05,160.65,163.51,159.8,163.5,116.2237,15067283.0,0.0
2016-07-29,162.0,163.6,160.03,160.62,114.1765,13747991.0,0.0
2016-07-22,159.3,162.17,157.89,162.07,115.2072,24775973.0,0.0
2016-07-15,154.6,161.4,154.5,159.78,113.5794,18535456.0,0.0
2016-07-08,151.19,154.6,149.92,154.46,109.7976,10213227.0,0.0
2016-07-01,146.18,152.97,142.5,152.35,108.2978,19155814.0,0.0
2016-06-24,152.6,155.48,146.18,146.59,104.2033,22214411.0,0.0
2016-06-17,151.63,152.72,149.0,151.99,108.0419,15849580.0,0.0
2016-06-10,153.09,154.09,151.86,152.37,108.312,14920842.0,0.0
2016-06-03,152.56,153.81,151.54,152.89,108.6816,13470239.0,0.0
2016-05-27,147.61,152.93,146.66,152.84,108.6461,14910875.0,0.0
2016-05-20,147.65,149.99,143.955,147.25,104.6724,16406443.0,0.0
2016-05-13,147.7,151.09,147.01,147.72,105.0065,17034303.0,0.0
2016-05-06,146.56,147.97,142.9,147.29,104.7009,21059912.0,1.4
2016-04-29,148.16,150.78,144.191,145.94,102.7644,16956550.0,0.0
2016-04-22,151.75,153.14,142.61,148.5,104.5671,37688644.0,0.0
2016-04-15,150.26,152.76,148.58,151.72,106.8345,17443203.0,0.0
2016-04-08,152.34,153.52,147.81,149.35,105.1656,18417556.0,0.0
2016-04-01,147.75,153.1,147.23,152.52,107.3978,20439783.0,0.0
2016-03-24,147.3,149.28,144.49,147.95,104.1798,17611709.0,0.0
2016-03-18,142.01,147.51,141.04,147.09,103.5742,29886417.0,0.0
2016-03-11,137.28,142.9236,136.8718,142.36,100.2436,23556160.0,0.0
2016-03-04,132.0,139.42,130.9,137.8,97.0326,22557187.0,0.0
2016-02-26,133.84,134.92,129.68,132.03,92.9696,20763400.0,0.0
2016-02-19,121.83,134.0,121.34,133.08,93.709,23958762.0,0.0
2016-02-12,126.0,127.51,116.901,121.04,85.231,32025579.0,1.3
2016-02-05,124.4,128.64,122.29,128.57,89.6158,25527891.0,0.0
2016-01-29,122.1,124.79,120.65,124.79,86.9811,27278749.0,0.0
2016-01-22,130.11,132.1,118.0,122.5,85.3849,44203492.0,0.0
2016-01-15,131.81,134.2799,128.87,130.03,90.6334,29470082.0,0.0
2016-01-08,135.6,136.89,131.32,131.63,91.7487,25251873.0,0.0
2015-12-31,137.74,140.44,136.54,137.62,95.9238,13538507.0,0.0
2015-12-24,135.83,139.305,134.02,138.25,96.3629,16540309.0,0.0
2015-12-18,135.31,139.65,134.02,134.9,94.0279,27823388.0,0.0
2015-12-11,140.16,140.41,133.91,134.57,93.7979,21354563.0,0.0
2015-12-04,138.61,141.4,137.99,140.43,97.8824,22935841.0,0.0
2015-11-27,138.53,139.34,137.12,138.46,96.5093,13199481.0,0.0
2015-11-20,131.79,138.915,131.79,138.5,96.5372,21083793.0,0.0
2015-11-13,137.92,138.08,131.65,131.75,91.8323,25069755.0,0.0
2015-11-06,140.5,142.8,137.87,138.25,96.3629,21526383.0,1.3
2015-10-30,144.75,145.0,137.33,140.08,96.7289,34698762.0,0.0
2015-10-23,149.85,149.97,139.3,144.68,99.9053,42068316.0,0.0
2015-10-16,152.4,152.58,148.58,150.39,103.8482,17455488.0,0.0
2015-10-09,145.82,153.147,145.82,152.39,105.2293,19465122.0,0.0
2015-10-02,144.42,145.71,140.56,144.58,99.8363,19914471.0,0.0
2015-09-25,145.39,146.98,141.95,145.42,100.4163,16815584.0,0.0
2015-09-18,147.37,149.68,143.98,144.51,99.7879,20721826.0,0.0
2015-09-11,145.86,149.04,144.51,147.37,101.7628,13916382.0,0.0
2015-09-04,147.26,148.4,141.85,143.7,99.2286,21421138.0,0.0
2015-08-28,143.47,148.97,140.62,147.98,102.1841,32508092.0,0.0
2015-08-21,155.2,156.69,148.7,148.85,102.7848,19846207.0,0.0
2015-08-14,156.77,157.4652,153.95,155.75,107.5495,17165086.0,0.0
2015-08-07,161.7,161.85,154.335,155.12,107.1144,20138504.0,1.3
2015-07-31,159.0,162.06,158.5,161.99,110.9358,15380412.0,0.0
2015-07-24,172.79,173.78,159.41,159.75,109.4017,37075256.0,0.0
2015-07-17,167.93,172.52,167.52,172.51,118.1402,17138495.0,0.0
2015-07-10,163.83,167.4,162.2317,166.95,114.3325,18143986.0,0.0
2015-07-02,163.92,165.61,162.12,165.09,113.0587,12979210.0,0.0
2015-06-26,167.65,169.97,165.23,165.46,113.3121,20939777.0,0.0
2015-06-19,165.33,168.72,164.25,166.99,114.3599,20761376.0,0.0
2015-06-12,167.17,170.44,163.37,166.99,114.3599,18364270.0,0.0
2015-06-05,170.21,171.5601,167.2,167.4,114.6407,13868111.0,0.0
2015-05-29,172.11,172.48,169.13,169.65,116.1816,12435919.0,0.0
2015-05-22,173.44,174.44,171.93,172.22,117.9416,11939607.0,0.0
2015-05-15,172.65,174.41,168.84,173.26,118.6538,13435074.0,0.0
2015-05-08,174.47,176.3,168.86,172.68,118.2566,16793441.0,1.3
2015-05-01,170.89,175.1303,170.02,173.67,118.0323,21874751.0,0.0
2015-04-24,162.1,171.91,161.9,169.78,115.3885,35436301.0,0.0
2015-04-17,162.37,164.96,160.03,160.67,109.197,17532781.0,0.0
2015-04-10,159.69,163.84,158.702,162.86,110.6854,13917063.0,0.0
2015-04-02,161.31,163.6,158.39,160.45,109.0475,16765545.0,0.0
2015-03-27,162.77,165.35,158.91,160.4,109.0135,23569213.0,0.0
2015-03-20,155.05,163.0,154.8,162.88,110.699,25684872.0,0.0
2015-03-13,158.2,161.15,153.4,154.28,104.8541,26135448.0,0.0
2015-03-06,161.68,161.89,158.06,158.5,107.7222,21117049.0,0.0
2015-02-27,164.23,164.99,159.77,161.94,110.0601,22941227.0,0.0
2015-02-20,159.75,164.49,159.73,163.65,111.2223,14108892.0,0.0
2015-02-13,156.0,160.8,155.08,160.4,109.0135,18164756.0,0.0
2015-02-06,154.0,158.71,151.51,156.72,106.5124,22439830.0,1.1
2015-01-30,158.26,159.46,149.52,153.31,103.4687,32927307.0,0.0
2015-01-23,156.7,157.6,151.07,155.87,105.1964,31230797.0,0.0
2015-01-16,159.0,159.97,153.74,157.14,106.0535,23272056.0,0.0
2015-01-09,161.27,161.27,154.03,159.11,107.3831,24440360.0,0.0
2015-01-02,162.0,163.31,159.45,162.06,109.374,15698987.0,0.0
2014-12-26,158.33,163.09,158.33,162.34,109.563,12508916.0,0.0
2014-12-19,155.93,160.41,150.5,158.51,106.9781,34588770.0,0.0
2014-12-12,163.29,163.33,155.33,155.38,104.8657,23397756.0,0.0
2014-12-05,161.64,164.52,161.35,163.27,110.1906,20945441.0,0.0
2014-11-28,161.54,163.86,161.01,162.17,109.4483,17053892.0,0.0
2014-11-21,164.16,164.97,159.8,160.92,108.6046,22273217.0,0.0
2014-11-14,161.9,164.49,161.61,164.16,110.7913,20088151.0,0.0
2014-11-07,164.25,164.54,160.05,162.07,109.3808,20603321.0,1.1
2014-10-31,162.0,165.59,161.8,164.4,110.2025,27342119.0,0.0
2014-10-24,166.845,170.331,161.1,162.08,108.6473,69701346.0,0.0
2014-10-17,185.49,186.65,178.69,182.05,122.0338,24355568.0,0.0
2014-10-10,189.69,190.89,185.1,185.93,124.6347,15795271.0,0.0
2014-10-03,188.51,190.85,186.24,188.67,126.4714,14352364.0,0.0
2014-09-26,193.72,194.14,188.61,190.06,127.4032,16209901.0,0.0
2014-09-19,191.42,195.0,190.58,194.0,130.0443,20044000.0,0.0
2014-09-12,190.75,192.78,189.51,191.28,128.221,12878100.0,0.0
2014-09-05,192.68,192.97,190.06,191.2,128.1674,9627700.0,0.0
2014-08-29,191.39,194.133,190.66,192.3,128.9047,11487700.0,0.0
2014-08-22,188.1,192.07,187.76,190.41,127.6378,11074800.0,0.0
2014-08-15,187.81,188.88,186.28,187.38,125.6067,10927100.0,0.0
2014-08-08,189.35,189.95,183.58,186.63,125.1039,14770900.0,1.1
2014-08-01,194.3,196.4,188.86,189.15,126.0476,19838900.0,0.0
2014-07-25,191.3,195.9,189.25,194.4,129.5462,19580700.0,0.0
2014-07-18,188.55,195.95,188.21,192.5,128.28,34217100.0,0.0
2014-07-11,187.61,188.9,186.21,188.0,125.2813,14983700.0,0.0
2014-07-03,181.33,188.99,180.26,188.53,125.6345,18382300.0,0.0
2014-06-27,181.92,183.0,179.27,181.71,121.0897,17703900.0,0.0
2014-06-20,182.4,184.47,181.235,181.55,120.9831,24186800.0,0.0
2014-06-13,186.22,187.64,180.91,182.56,121.6561,18143900.0,0.0
2014-06-06,184.76,187.65,183.92,186.37,124.1951,14243300.0,0.0
2014-05-30,184.8,185.65,182.33,184.36,122.8556,15895800.0,0.0
2014-05-23,186.61,187.16,184.7,185.94,123.9085,14066100.0,0.0
2014-05-16,191.12,193.03,185.93,187.06,124.6549,19407200.0,0.0
2014-05-09,191.05,191.49,186.93,190.08,126.6674,13925300.0,1.1
2014-05-02,191.14,196.86,190.58,191.44,126.8366,21195300.0,0.0
2014-04-25,189.8,193.0,189.11,189.63,125.6374,22312800.0,0.0
2014-04-17,196.24,198.71,187.01,190.01,125.8892,30565200.0,0.0
2014-04-11,191.72,199.21,191.57,195.19,129.3211,30598500.0,0.0
2014-04-04,191.64,195.13,191.28,191.77,127.0553,29036500.0,0.0
2014-03-28,187.43,195.63,187.37,190.45,126.1807,35465000.0,0.0
2014-03-21,182.66,188.7,182.66,186.67,123.6763,30821100.0,0.0
2014-03-14,187.55,188.45,182.21,182.21,120.7214,24057200.0,0.0
2014-03-07,183.33,188.92,182.82,187.68,124.3455,20103400.0,0.0
2014-02-28,182.82,186.12,182.82,185.17,122.6825,20734000.0,0.0
2014-02-21,183.18,185.71,182.32,182.79,121.1057,19774200.0,0.0
2014-02-14,176.97,184.43,176.25,183.69,121.7019,21312600.0,0.0
2014-02-07,176.02,177.56,172.19,177.25,117.4352,25234000.0,0.95
2014-01-31,179.605,179.65,175.34,176.68,116.4243,25559900.0,0.0
2014-01-24,190.23,190.39,179.64,179.64,118.3748,38736900.0,0.0
2014-01-17,186.26,190.81,183.86,190.09,125.2609,27635300.0,0.0
2014-01-10,187.15,190.35,185.3,187.26,123.3961,22947500.0,0.0
2014-01-03,185.32,187.79,184.67,186.64,122.9875,15248000.0,0.0
2013-12-27,181.05,186.5,180.61,185.08,121.9596,12400800.0,0.0
2013-12-20,173.22,182.0,172.73,180.02,118.6252,32267100.0,0.0
2013-12-13,177.99,178.152,172.73,172.8,113.8676,21870800.0,0.0
2013-12-06,179.46,179.59,175.16,177.67,117.0767,24816100.0,0.0
2013-11-29,180.25,180.76,177.31,179.68,118.4012,20384900.0,0.0
2013-11-22,183.52,186.24,179.92,181.3,119.4687,25637400.0,0.0
2013-11-15,180.19,184.0487,179.66,183.19,120.7141,25682800.0,0.0
2013-11-08,179.9,181.39,177.35,179.99,118.6055,25635300.0,0.95
2013-11-01,177.04,182.32,176.2,179.23,117.4818,25853600.0,0.0
2013-10-25,174.42,179.1,172.6301,176.85,115.9218,29861500.0,0.0
2013-10-18,185.41,186.99,172.57,173.78,113.9094,45663100.0,0.0
2013-10-11,181.85,186.23,178.71,186.16,122.0243,20859700.0,0.0
2013-10-04,185.56,186.74,183.0,184.1,120.674,16351900.0,0.0
2013-09-27,190.06,192.41,186.45,186.92,122.5225,15079700.0,0.0
2013-09-20,193.7,194.89,190.02,190.02,124.5545,22379100.0,0.0
2013-09-13,183.68,193.1,183.31,192.17,125.9637,18194900.0,0.0
2013-09-06,183.63,185.0,182.31,183.03,119.9726,11856200.0,0.0
2013-08-30,185.27,187.0,181.1,182.27,119.4745,15052200.0,0.0
2013-08-23,185.3,186.57,183.1685,185.42,121.5392,14564700.0,0.0
2013-08-16,186.97,189.99,185.34,185.34,121.4868,16580500.0,0.0
2013-08-09,195.16,195.88,186.79,187.82,123.1124,20128300.0,0.95
2013-08-02,196.83,197.83,193.2215,195.16,127.2823,15338600.0,0.0
2013-07-26,193.4,197.83,193.2804,197.35,128.7107,14719100.0,0.0
2013-07-19,192.42,200.94,191.68,193.54,126.2258,31679400.0,0.0
2013-07-12,195.6,195.78,190.78,192.07,125.2671,20715900.0,0.0
2013-07-05,192.15,195.16,190.26,194.93,127.1323,12378100.0,0.0
2013-06-28,193.99,196.9,188.41,191.11,124.641,25092600.0,0.0
2013-06-21,203.44,206.09,193.5401,195.46,127.478,22773400.0,0.0
2013-06-14,206.97,206.98,200.34,202.2,131.8738,14580500.0,0.0
2013-06-07,208.25,210.05,201.47,206.35,134.5804,17768500.0,0.0
2013-05-31,207.44,211.98,206.04,208.02,135.6696,16799600.0,0.0
2013-05-24,208.02,210.15,204.42,205.72,134.1695,20259100.0,0.0
2013-05-17,204.18,209.5,202.04,208.44,135.9435,21587300.0,0.0
2013-05-10,203.79,205.0,201.52,204.47,133.3543,18700700.0,0.95
2013-05-03,194.78,205.319,194.65,204.51,132.7646,26809200.0,0.0
2013-04-26,191.15,195.17,187.68,194.31,126.1429,27976600.0,0.0
2013-04-19,210.44,212.0,189.76,190.0,123.3449,35696400.0,0.0
2013-04-12,209.07,213.09,207.33,211.38,137.2245,15273700.0,0.0
2013-04-05,212.8,214.89,206.34,209.41,135.9456,16247600.0,0.0
2013-03-28,212.54,213.44,209.735,213.3,138.4709,12516100.0,0.0
2013-03-22,212.9,215.82,210.11,212.08,137.6789,18085500.0,0.0
2013-03-15,210.04,215.9,209.04,214.92,139.5226,23433000.0,0.0
2013-03-08,202.59,210.74,202.55,210.38,136.5753,18680900.0,0.0
2013-03-01,201.67,203.123,197.51,202.91,131.7259,19419000.0,0.0
2013-02-22,200.6,201.89,198.11,201.09,130.5444,13744500.0,0.0
2013-02-15,200.98,201.95,199.02,200.98,130.473,14498300.0,0.0
2013-02-08,204.19,205.02,198.68,201.68,130.9274,16419900.0,0.85
2013-02-01,204.85,206.22,202.96,205.18,132.6387,15901300.0,0.0
2013-01-25,194.36,208.58,194.01,204.97,132.5029,27508900.0,0.0
2013-01-18,192.82,195.0,190.39,194.47,125.7152,19748400.0,0.0
2013-01-11,193.4,195.0,191.28,194.45,125.7023,16589700.0,0.0
2013-01-04,189.23,196.35,188.84,193.99,125.4049,15943900.0,0.0
2012-12-28,193.05,193.83,189.83,189.83,122.7157,11911900.0,0.0
2012-12-21,191.76,196.45,191.57,193.42,125.0364,24598600.0,0.0
2012-12-14,192.17,194.8,191.26,191.76,123.9633,19274500.0,0.0
2012-12-07,190.76,192.2,186.94,191.95,124.0861,18850300.0,0.0
2012-11-30,192.45,193.37,189.27,190.07,122.8708,21119100.0,0.0
2012-11-23,188.62,193.49,188.25,193.49,125.0817,15826300.0,0.0
2012-11-16,190.03,190.88,184.78,186.94,120.8474,18951000.0,0.0
2012-11-09,192.36,196.75,188.88,189.64,122.5928,17977200.0,0.85
2012-11-02,194.8,198.0,193.29,193.43,124.4893,14071200.0,0.0
2012-10-26,193.71,194.68,190.56,193.27,124.3864,19824000.0,0.0
2012-10-19,208.88,211.0,193.18,193.36,124.4443,37283100.0,0.0
2012-10-12,210.02,210.74,205.05,207.8,133.7377,15209500.0,0.0
2012-10-05,208.01,211.79,207.94,210.59,135.5333,17786100.0,0.0
2012-09-28,205.02,208.32,203.9,207.45,133.5125,17962400.0,0.0
2012-09-21,205.55,207.99,205.3,205.98,132.5664,24867400.0,0.0
2012-09-14,199.39,207.65,198.73,206.81,133.1006,19339300.0,0.0
2012-09-07,196.61,199.5,193.25,199.5,128.3959,15172300.0,0.0
2012-08-31,197.96,198.3,193.18,194.85,125.4032,13113600.0,0.0
2012-08-24,200.69,201.13,194.2,197.77,127.2825,14140300.0,0.0
2012-08-17,198.88,202.0,197.72,201.22,129.5029,12373700.0,0.0
2012-08-10,198.76,200.88,197.24,199.29,128.2608,12376100.0,0.85
2012-08-03,196.32,198.95,193.02,198.52,127.2219,14944000.0,0.0
2012-07-27,189.78,197.41,188.2,196.39,125.8569,18795600.0,0.0
2012-07-20,185.58,196.85,183.2,192.45,123.3319,31507600.0,0.0
2012-07-13,190.76,191.14,181.85,186.01,119.2048,22998800.0,0.0
2012-07-06,196.36,197.2,189.74,191.41,122.6654,11920500.0,0.0
2012-06-29,192.48,195.81,188.9,195.58,125.3378,18637100.0,0.0
2012-06-22,197.57,199.99,193.19,193.7,124.133,23194300.0,0.0
2012-06-15,196.6,199.27,192.14,199.1,127.5936,19518700.0,0.0
2012-06-08,188.34,195.8299,187.0,195.14,125.0558,18002600.0,0.0
2012-06-01,195.22,198.08,188.6,189.08,121.1722,21714900.0,0.0
2012-05-25,195.98,198.26,193.2,194.3,124.5175,17970000.0,0.0
2012-05-18,199.92,201.4679,195.16,195.88,125.53,22381000.0,0.0
2012-05-11,203.96,204.77,199.06,201.17,128.9201,17219400.0,0.85
2012-05-04,206.71,208.929,204.4,204.99,130.8163,14699600.0,0.0
2012-04-27,197.89,208.17,196.791,206.81,131.9778,20048100.0,0.0
2012-04-20,204.74,207.64,197.521,199.6,127.3766,30566700.0,0.0
2012-04-13,204.4,206.17,202.17,202.8,129.4187,17522600.0,0.0
2012-04-05,208.96,210.69,204.46,205.47,131.1226,15692400.0,0.0
2012-03-30,206.45,209.12,206.02,208.65,133.152,16007300.0,0.0
2012-03-23,205.71,206.53,203.702,205.48,131.129,17132200.0,0.0
2012-03-16,200.93,207.52,200.23,206.01,131.4672,25846100.0,0.0
2012-03-09,198.36,201.19,196.812,200.62,128.0275,21823600.0,0.0
2012-03-02,196.78,199.17,196.1,198.81,126.8725,19330600.0,0.0
2012-02-24,193.73,199.23,192.46,197.76,126.2024,17955300.0,0.0
2012-02-17,193.31,193.86,190.831,193.42,123.4328,17149800.0,0.0
2012-02-10,192.48,194.46,191.28,192.42,122.7946,18144100.0,0.75
2012-02-03,189.39,194.81,188.22,193.64,123.0947,22703600.0,0.0
2012-01-27,187.91,192.79,187.67,190.46,121.0732,22822200.0,0.0
2012-01-20,180.36,188.97,179.32,188.52,119.84,32020900.0,0.0
2012-01-13,182.2,183.72,177.3472,179.16,113.89,26633200.0,0.0
2012-01-06,186.73,188.71,182.31,182.54,116.0386,19352900.0,0.0
2011-12-30,184.97,186.48,183.34,183.88,116.8904,12119700.0,0.0
2011-12-23,184.51,187.33,179.04,184.75,117.4435,27166800.0,0.0
2011-12-16,193.64,194.3,181.91,183.57,116.6933,30186100.0,0.0
2011-12-09,191.18,194.9,190.32,194.56,123.6796,24142900.0,0.0
2011-12-02,182.71,191.33,180.67,189.66,120.5647,25843600.0,0.0
2011-11-25,183.37,183.96,177.06,177.06,112.555,16357400.0,0.0
2011-11-18,189.17,189.97,183.39,185.24,117.7549,25522100.0,0.0
2011-11-11,186.22,187.88,181.16,187.38,119.1153,20903100.0,0.75
2011-11-04,185.59,187.78,180.74,186.38,118.007,22918900.0,0.0
2011-10-28,181.51,188.07,179.03,187.45,118.6844,28719000.0,0.0
2011-10-21,189.71,190.16,176.17,181.63,114.9995,46796000.0,0.0
2011-10-14,183.0,190.53,182.9,190.53,120.6345,26220900.0,0.0
2011-10-07,174.36,183.72,168.88,182.39,115.4807,38117800.0,0.0
2011-09-30,170.96,180.91,169.86,174.87,110.7194,36868400.0,0.0
2011-09-23,169.5,177.67,165.76,169.34,107.218,31790500.0,0.0
2011-09-16,159.64,172.99,158.76,172.99,109.5291,33464200.0,0.0
2011-09-09,163.06,169.58,160.81,161.37,102.1718,25328900.0,0.0
2011-09-02,170.58,173.72,166.0,166.98,105.7238,26288300.0,0.0
2011-08-26,161.35,169.33,157.62,169.14,107.0914,33789200.0,0.0
2011-08-19,171.32,174.0,157.13,157.54,99.7468,47511700.0,0.0
2011-08-12,168.83,172.61,161.85,168.2,106.4963,56678700.0,0.75
2011-08-05,182.6,183.69,166.52,172.98,109.0308,41229200.0,0.0
2011-07-29,183.89,184.96,179.73,181.85,114.6216,26294400.0,0.0
2011-07-22,174.73,185.63,173.58,185.18,116.7205,37500900.0,0.0
2011-07-15,174.9,176.32,173.84,175.54,110.6444,23838300.0,0.0
2011-07-08,173.52,177.77,173.52,176.49,111.2431,20777900.0,0.0
2011-07-01,165.74,174.65,165.21,174.54,110.014,23400700.0,0.0
2011-06-24,163.7,166.81,163.59,165.07,104.045,22978000.0,0.0
2011-06-17,164.44,165.1,161.52,164.44,103.6479,29385600.0,0.0
2011-06-10,164.76,165.96,162.87,163.18,102.8537,20640600.0,0.0
2011-06-03,168.44,169.89,164.13,165.05,104.0324,23342600.0,0.0
2011-05-27,168.58,168.69,165.9,167.5,105.5767,22718600.0,0.0
2011-05-20,169.81,171.41,166.53,170.16,107.2533,25997900.0,0.0
2011-05-13,168.39,172.77,167.82,169.92,107.102,23498700.0,0.0
2011-05-06,172.11,173.54,167.5,168.89,106.4528,29465600.0,0.75
2011-04-29,167.65,173.0,167.23,170.58,107.0427,26858900.0,0.0
2011-04-21,164.64,168.45,162.19,168.28,105.5994,29758000.0,0.0
2011-04-15,163.44,166.34,162.3,166.21,104.3004,22168000.0,0.0
2011-04-08,164.42,164.75,163.16,164.05,102.945,17602700.0,0.0
2011-04-01,161.54,164.42,161.12,164.27,103.083,19066300.0,0.0
2011-03-25,157.64,162.74,157.07,162.18,101.7715,25371800.0,0.0
2011-03-18,161.16,161.9804,151.71,155.89,97.8244,41798000.0,0.0
2011-03-11,161.6,167.72,158.85,162.43,101.9284,31095800.0,0.0
2011-03-04,162.36,164.31,159.41,161.83,101.5519,21537300.0,0.0
2011-02-25,163.57,164.26,159.03,162.28,101.8342,21433300.0,0.0
2011-02-18,164.18,164.84,162.52,164.84,103.4407,18590000.0,0.0
2011-02-11,164.08,166.25,163.18,163.85,102.8195,26097300.0,0.65
2011-02-04,159.18,164.2,158.68,164.0,102.5123,25371100.0,0.0
2011-01-28,155.42,164.35,155.33,159.21,99.5182,32502900.0,0.0
2011-01-21,149.82,156.78,149.38,155.5,97.1992,35766800.0,0.0
2011-01-14,147.58,150.0,146.75,150.0,93.7612,19878500.0,0.0
2011-01-07,147.21,148.86,146.64,147.93,92.4673,23486200.0,0.0
2010-12-31,145.12,147.5,145.0,146.76,91.736,14684300.0,0.0
2010-12-23,145.39,146.4,144.33,145.89,91.1922,13585400.0,0.0
2010-12-17,145.14,146.01,144.15,145.0,90.6359,28194800.0,0.0
2010-12-10,144.54,146.2999,143.52,144.82,90.5234,21020900.0,0.0
2010-12-03,143.53,145.85,141.28,145.38,90.8734,28622500.0,0.0
2010-11-26,144.0,146.44,142.33,143.9,89.9483,15256400.0,0.0
2010-11-19,143.89,145.35,141.18,145.05,90.6671,24207800.0,0.0
2010-11-12,145.35,147.53,143.35,143.74,89.8483,24816000.0,0.65
2010-11-05,143.64,146.93,142.32,146.92,91.4302,27101400.0,0.0
2010-10-29,140.42,144.0,138.53,143.6,89.3642,32583300.0,0.0
2010-10-22,140.9,143.03,136.7,139.67,86.9185,41753800.0,0.0
2010-10-15,138.79,142.1,138.27,141.06,87.7835,31299400.0,0.0
2010-10-08,135.23,139.09,134.39,138.85,86.4082,26027000.0,0.0
2010-10-01,133.51,136.28,133.51,135.64,84.4106,30834900.0,0.0
2010-09-24,130.24,134.15,130.11,134.11,83.4584,28357000.0,0.0
2010-09-17,128.63,130.6,128.43,130.19,81.0189,29966700.0,0.0
2010-09-10,126.99,128.29,125.39,127.99,79.6499,16686200.0,0.0
2010-09-03,125.08,127.6,122.28,127.58,79.3947,25097500.0,0.0
2010-08-27,127.57,128.03,122.42,124.73,77.6211,28851700.0,0.0
2010-08-20,127.47,130.195,126.96,127.5,79.3449,24839400.0,0.0
2010-08-13,130.79,132.49,127.33,127.87,79.5752,27721100.0,0.0
2010-08-06,129.25,131.98,128.76,130.14,80.9878,26753600.0,0.65
2010-07-30,128.18,129.5,127.04,128.4,79.5079,29087100.0,0.0
2010-07-23,128.67,130.38,122.93,128.38,79.4955,45328500.0,0.0
2010-07-16,127.37,131.6,127.16,128.03,79.2788,30691500.0,0.0
2010-07-09,123.58,128.2,122.17,127.96,79.2354,22776300.0,0.0
2010-07-02,127.65,129.47,120.61,121.86,75.4582,39925900.0,0.0
2010-06-25,131.42,131.94,127.12,127.12,78.7153,35729700.0,0.0
2010-06-18,128.5,131.25,128.34,130.15,80.5915,34958900.0,0.0
2010-06-11,125.57,128.8,122.82,128.45,79.5389,36446000.0,0.0
2010-06-04,124.69,128.22,124.2,125.28,77.5759,31155200.0,0.0
2010-05-28,125.26,126.39,121.47,125.26,77.5635,40594400.0,0.0
2010-05-21,130.68,131.99,121.4,125.42,77.6626,52738700.0,0.0
2010-05-14,126.27,133.1,125.06,131.19,81.2355,52007600.0,0.0
2010-05-07,129.39,130.14,116.0,122.1,75.6068,43103500.0,0.65
2010-04-30,129.76,132.0,128.71,129.0,79.4626,35378000.0,0.0
2010-04-23,130.38,132.28,127.77,129.99,80.0724,46345200.0,0.0
2010-04-16,128.57,132.17,127.84,130.63,80.4667,35328700.0,0.0
2010-04-09,128.38,129.8,127.12,128.76,79.3148,24394000.0,0.0
2010-04-01,129.3,129.95,127.55,128.25,79.0006,17954900.0,0.0
2010-03-26,127.11,130.73,126.57,129.26,79.6228,31453700.0,0.0
2010-03-19,127.4,128.93,126.78,127.71,78.668,32679700.0,0.0
2010-03-12,127.06,128.37,125.2,127.94,78.8097,33736000.0,0.0
2010-03-05,127.5,129.09,125.47,127.25,78.3846,29153500.0,0.0
2010-02-26,127.3,128.27,125.57,127.16,78.3292,23624900.0,0.0
2010-02-19,124.91,128.06,124.11,127.19,78.3477,24433700.0,0.0
2010-02-12,123.15,124.2,121.61,124.0,76.3827,30088800.0,0.55
2010-02-05,123.23,126.07,121.83,122.97,75.4079,35063800.0,0.0
2010-01-29,126.33,127.75,121.9,122.39,75.0522,42786400.0,0.0
2010-01-22,131.63,134.25,125.37,125.5,76.9594,48810900.0,0.0
2010-01-15,131.06,132.89,128.67,131.78,80.8104,35873500.0,0.0
2010-01-08,131.18,132.97,128.91,130.85,80.2401,28639800.0,0.0
2009-12-31,130.99,132.85,130.68,130.9,80.2708,18075000.0,0.0
2009-12-24,127.8,130.57,127.68,130.57,80.0684,18700700.0,0.0
2009-12-18,129.65,129.98,127.0,127.91,78.4372,34452500.0,0.0
2009-12-11,126.88,129.77,126.11,129.68,79.5226,29242700.0,0.0
2009-12-04,125.12,128.9,124.92,127.25,78.0325,30307700.0,0.0
2009-11-27,127.7,128.94,124.26,125.7,77.082,19106900.0,0.0
2009-11-20,127.17,128.655,126.46,126.96,77.8547,23482700.0,0.0
2009-11-13,123.92,127.8,123.49,127.03,77.8976,31065000.0,0.0
2009-11-06,120.61,123.5,119.5,123.49,75.7268,30790900.0,0.55
2009-10-30,120.61,124.3,119.15,120.61,73.6328,38785400.0,0.0
2009-10-23,121.76,124.11,120.0,120.36,73.4801,36292000.0,0.0
2009-10-16,125.44,128.61,121.25,121.64,74.2616,55978800.0,0.0
2009-10-09,118.9,126.0,118.13,125.93,76.8806,37825500.0,0.0
2009-10-02,120.52,122.0,117.26,119.02,72.6621,37380100.0,0.0
2009-09-25,121.03,122.74,120.1,121.08,73.9197,26232600.0,0.0
2009-09-18,117.0,122.88,116.94,122.11,74.5485,40859700.0,0.0
2009-09-11,117.94,119.25,116.16,118.05,72.0699,21828700.0,0.0
2009-09-04,117.1,118.93,115.15,117.46,71.7097,25309900.0,0.0
2009-08-28,119.92,120.88,117.51,118.22,72.1737,26123700.0,0.0
2009-08-21,116.69,120.01,116.12,119.9,73.1993,27622200.0,0.0
2009-08-14,118.17,119.96,117.32,118.57,72.3873,25401100.0,0.0
2009-08-07,118.88,119.96,116.7,119.33,72.8513,27893800.0,0.55
2009-07-31,116.95,119.37,116.05,117.93,71.6608,28085700.0,0.0
2009-07-24,114.53,118.15,114.39,117.64,71.4846,42520000.0,0.0
2009-07-17,101.28,115.53,100.19,115.42,70.1356,58793700.0,0.0
2009-07-10,101.57,102.78,99.5,100.83,61.2699,34208000.0,0.0
2009-07-02,105.99,106.27,101.73,101.73,61.8168,24758400.0,0.0
2009-06-26,105.18,106.785,103.51,105.68,64.2171,30871700.0,0.0
2009-06-19,107.63,109.14,105.5,105.89,64.3447,42930700.0,0.0
2009-06-12,106.64,110.64,105.5,108.21,65.7544,38913000.0,0.0
2009-06-05,106.94,108.8,105.11,107.24,65.165,35592300.0,0.0
2009-05-29,101.32,106.5,101.02,106.28,64.5817,27330100.0,0.0
2009-05-22,102.0,106.12,101.74,101.89,61.914,34599500.0,0.0
2009-05-15,101.09,104.38,100.57,101.37,61.5981,42229200.0,0.0
2009-05-08,105.26,106.82,99.83,101.49,61.671,42691700.0,0.55
2009-05-01,99.61,106.05,99.25,104.61,63.2344,46394300.0,0.0
2009-04-24,100.29,103.86,98.2,100.08,60.4961,59469300.0,0.0
2009-04-17,100.28,102.04,96.44,101.27,61.2155,41711800.0,0.0
2009-04-09,100.9,102.45,98.52,101.7,61.4754,32887100.0,0.0
2009-04-03,92.0,102.66,91.8,102.22,61.7897,64912500.0,0.0
2009-03-27,93.7,99.86,92.75,94.15,56.9116,60950700.0,0.0
2009-03-20,91.34,95.0,89.41,92.51,55.9203,63330900.0,0.0
2009-03-13,84.7,90.65,83.02,90.36,54.6206,61831600.0,0.0
2009-03-06,91.17,91.9,83.81,85.81,51.8702,74483600.0,0.0
2009-02-27,89.3,93.28,82.85,92.03,55.6301,77805700.0,0.0
2009-02-20,91.73,92.49,87.34,88.79,53.6716,42419500.0,0.0
2009-02-13,95.93,96.98,92.2,93.84,56.7242,49132900.0,0.0
2009-02-06,90.6,97.1,89.69,96.14,58.1145,53659500.0,0.5
2009-01-30,89.77,94.94,89.52,91.65,55.1138,50819300.0,0.0
2009-01-23,84.76,91.6,81.76,89.49,53.8149,61309500.0,0.0
2009-01-16,84.57,86.6,82.11,84.92,51.0667,48180000.0,0.0
2009-01-09,86.42,90.41,84.25,84.7,50.9344,41092400.0,0.0
2009-01-02,81.72,87.59,79.68,87.37,52.54,26062900.0,0.0
2008-12-26,83.27,83.45,79.92,81.33,48.9078,18974200.0,0.0
2008-12-19,82.51,87.27,80.0,83.52,50.2248,50128100.0,0.0
2008-12-12,82.57,85.88,78.06,82.2,49.431,49785100.0,0.0
2008-12-05,80.95,81.5,75.31,80.59,48.4628,51454000.0,0.0
2008-11-28,75.74,82.4,75.0,81.6,49.0702,39691800.0,0.0
2008-11-21,79.4,81.0,69.5,74.88,45.0291,73411500.0,0.0
2008-11-14,87.99,88.1,75.4,80.33,48.3065,58194400.0,0.0
2008-11-07,92.64,94.76,84.25,86.27,51.8785,47015300.0,0.5
2008-10-31,80.27,94.19,79.01,92.97,55.5812,60537100.0,0.0
2008-10-24,92.21,93.31,78.82,82.07,49.0647,58306900.0,0.0
2008-10-17,90.44,99.0,84.35,90.78,54.2719,75048600.0,0.0
2008-10-10,101.21,103.0,83.51,87.75,52.4605,86848900.0,0.0
2008-10-03,117.44,118.43,103.03,103.44,61.8406,62809100.0,0.0
2008-09-26,118.45,121.99,114.14,119.42,71.394,34730600.0,0.0
2008-09-19,115.36,124.0,110.61,118.85,71.0533,66307100.0,0.0
2008-09-12,118.0,119.95,115.0,118.97,71.125,46783800.0,0.0
2008-09-05,122.87,124.0,113.17,114.33,68.351,42011600.0,0.0
2008-08-29,124.48,125.45,121.5,121.73,72.7751,30493600.0,0.0
2008-08-22,126.49,127.0,121.55,124.93,74.6881,34457400.0,0.0
2008-08-15,128.43,128.43,124.4,126.36,75.5431,32724200.0,0.0
2008-08-08,126.77,129.97,126.25,128.81,77.0078,34413900.0,0.5
2008-08-01,127.69,129.5,126.13,126.64,75.4185,28699300.0,0.0
2008-07-25,129.83,130.93,127.26,128.53,76.5441,45950300.0,0.0
2008-07-18,121.8,130.0,119.9,129.89,77.354,59542700.0,0.0
2008-07-11,119.62,124.5,119.62,122.12,72.7267,47346100.0,0.0
2008-07-03,119.99,120.78,116.6,119.54,71.1902,32716800.0,0.0
2008-06-27,123.0,125.83,118.26,120.05,71.4939,41907700.0,0.0
2008-06-20,125.46,127.14,122.36,122.74,73.0959,35367900.0,0.0
2008-06-13,125.38,126.722,122.86,126.15,75.1267,31303600.0,0.0
2008-06-06,128.67,129.37,124.74,124.94,74.4061,35309300.0,0.0
2008-05-30,124.01,129.99,124.0,129.43,77.08,33079200.0,0.0
2008-05-23,127.68,128.21,123.02,124.2,73.9654,31469600.0,0.0
2008-05-16,123.8,128.83,123.56,127.82,76.1212,40848500.0,0.0
2008-05-09,122.76,125.17,120.78,124.06,73.882,38973400.0,0.5
2008-05-02,122.98,124.43,120.5,123.18,73.0637,36106300.0,0.0
2008-04-25,122.05,124.9,122.05,123.08,73.0043,32273700.0,0.0
2008-04-18,116.2,125.0,115.54,124.4,73.7873,67195200.0,0.0
2008-04-11,116.37,119.22,115.28,116.0,68.8049,38989700.0,0.0
2008-04-04,113.95,118.37,113.34,115.76,68.6625,42376300.0,0.0
2008-03-28,118.57,119.79,114.21,114.57,67.9567,41496800.0,0.0
2008-03-20,113.0,118.5,113.0,118.33,70.1869,39979100.0,0.0
2008-03-14,113.12,118.0,112.69,115.2301,68.3482,48594600.0,0.0
2008-03-07,114.09,116.41,111.8,113.94,67.583,39506500.0,0.0
2008-02-29,107.68,116.63,107.43,113.86,67.5355,54366700.0,0.0
2008-02-22,106.79,109.6,104.53,108.07,64.1012,31292600.0,0.0
2008-02-15,102.9,108.93,102.87,106.16,62.9683,33932900.0,0.0
2008-02-08,108.4,109.0,100.6,103.27,61.2541,40641500.0,0.4
2008-02-01,104.41,109.4,103.7,109.08,64.4514,39007500.0,0.0
2008-01-25,99.16,107.79,98.5,104.52,61.7571,57768700.0,0.0
2008-01-18,105.0,106.72,100.05,103.4,61.0953,78126300.0,0.0
2008-01-11,100.355,101.0,97.04,97.67,57.7097,52601500.0,0.0
2008-01-04,109.25,110.0,100.48,101.13,59.7541,33799300.0,0.0
2007-12-28,111.2,112.19,109.108,110.09,65.0482,16539900.0,0.0
2007-12-21,105.37,111.16,104.0,111.05,65.6154,43481700.0,0.0
2007-12-14,109.0,110.4,104.1,105.77,62.4957,36725700.0,0.0
2007-12-07,105.45,110.0,104.58,108.86,64.3214,31672000.0,0.0
2007-11-30,104.4,109.19,101.5,105.18,62.1471,46569900.0,0.0
2007-11-23,104.34,105.39,101.34,104.05,61.4794,27820500.0,0.0
2007-11-16,101.89,106.42,100.7,104.79,61.9166,50102700.0,0.0
2007-11-09,115.11,115.11,99.27,100.2542,59.2366,62718300.0,0.4
2007-11-02,113.9,116.25,113.28,114.59,67.4642,30044700.0,0.0
2007-10-26,110.97,114.8,110.96,113.73,66.9578,32762600.0,0.0
2007-10-19,117.95,119.94,111.8,112.28,66.1042,53958800.0,0.0
2007-10-12,116.1,121.46,115.88,117.81,69.3599,35082300.0,0.0
2007-10-05,117.61,119.6,115.0,116.3,68.4709,33529800.0,0.0
2007-09-28,116.9,118.5,115.79,117.8,69.354,33029400.0,0.0
2007-09-21,114.7,118.1,114.3,116.78,68.7535,38076800.0,0.0
2007-09-14,116.15,117.78,114.65,115.13,67.7821,32211300.0,0.0
2007-09-07,116.34,118.89,115.33,115.55,68.0294,28916300.0,0.0
2007-08-31,113.0,117.35,111.63,116.69,68.7005,32617900.0,0.0
2007-08-24,110.9,113.25,108.08,113.24,66.6694,39957700.0,0.0
2007-08-17,112.99,113.95,103.7,110.9,65.2917,55388900.0,0.0
2007-08-10,111.97,114.6,109.7,112.64,66.3161,41626500.0,0.4
2007-08-03,115.62,115.75,110.02,111.89,65.6421,66192100.0,0.0
2007-07-27,114.88,118.82,114.85,115.62,67.8304,64841000.0,0.0
2007-07-20,108.57,116.48,108.42,114.81,67.3552,55626100.0,0.0
2007-07-13,108.73,109.65,108.1,108.6,63.712,34811600.0,0.0
2007-07-06,105.39,109.66,104.58,109.03,63.9643,24567300.0,0.0
2007-06-29,104.73,106.92,104.1,105.25,61.7467,31559100.0,0.0
2007-06-22,105.27,107.02,104.44,104.44,61.2715,35051000.0,0.0
2007-06-15,102.87,105.19,102.1,105.09,61.6528,34517000.0,0.0
2007-06-08,106.5,106.59,101.56,103.07,60.4677,63185700.0,0.0
2007-06-01,105.57,107.67,105.21,106.54,62.5035,23208200.0,0.0
2007-05-25,107.15,108.0,103.57,105.18,61.7056,30271700.0,0.0
2007-05-18,105.81,108.05,104.53,107.99,63.3541,35014200.0,0.0
2007-05-11,102.76,105.99,102.21,105.98,62.1749,34979100.0,0.4
2007-05-04,101.11,103.17,100.97,102.96,60.1702,38307800.0,0.0
2007-04-27,95.35,101.7,95.05,101.17,59.1241,58275300.0,0.0
2007-04-20,94.99,97.66,93.911,94.58,55.2729,51786700.0,0.0
2007-04-13,96.43,96.94,94.53,94.93,55.4774,27497000.0,0.0
2007-04-05,94.51,96.75,94.06,96.52,56.4066,19197800.0,0.0
2007-03-30,94.84,95.25,93.57,94.26,55.0859,34042800.0,0.0
2007-03-23,93.95,95.81,93.39,95.03,55.5359,26906600.0,0.0
2007-03-16,93.29,94.47,92.1,93.25,54.4956,36423000.0,0.0
2007-03-09,90.25,94.85,90.1,93.28,54.5132,43505100.0,0.0
2007-03-02,97.86,97.86,88.77,90.9,53.1223,52427400.0,0.0
2007-02-23,98.66,99.5,97.41,97.73,57.1138,20682500.0,0.0
2007-02-16,98.8,99.52,97.8,98.99,57.8501,27047900.0,0.0
2007-02-09,99.17,100.44,97.81,98.55,57.593,34668400.0,0.3
2007-02-02,98.1,99.73,97.45,99.17,57.7812,34172300.0,0.0
2007-01-26,96.42,97.92,96.12,97.45,56.779,41549100.0,0.0
2007-01-19,99.4,100.9,94.55,96.17,56.0332,58474800.0,0.0
2007-01-12,98.5,100.33,97.93,99.34,57.8802,44830200.0,0.0
2007-01-05,97.17,98.79,96.26,97.42,56.7615,26942600.0,0.0
2006-12-29,95.0,97.88,94.92,97.15,56.6042,15807900.0,0.0
2006-12-22,94.95,96.5,94.8,95.25,55.4972,24009800.0,0.0
2006-12-15,93.72,95.8,93.3,95.3,55.5263,30414900.0,0.0
2006-12-08,92.5,94.87,92.25,93.86,54.6873,28792200.0,0.0
2006-12-01,92.71,93.24,90.43,91.25,53.1666,27785200.0,0.0
2006-11-24,93.77,93.8,92.8,93.35,54.3902,13559900.0,0.0
2006-11-17,91.75,94.05,91.41,93.81,54.6582,23826600.0,0.0
2006-11-10,91.5,93.4,91.5,91.76,53.4637,29456500.0,0.3
2006-11-03,90.3,92.68,89.8,91.41,53.0878,30108500.0,0.0
2006-10-27,90.05,92.0,90.01,90.76,52.7103,35037300.0,0.0
2006-10-20,86.08,92.04,85.75,90.48,52.5477,67866100.0,0.0
2006-10-13,83.14,86.21,83.0,86.08,49.9923,26864000.0,0.0
2006-10-06,81.76,83.78,81.56,83.14,48.2849,25738600.0,0.0
2006-09-29,81.64,82.79,81.28,81.94,47.588,25658300.0,0.0
2006-09-22,82.56,83.79,81.01,81.21,47.164,30290000.0,0.0
2006-09-15,80.6,83.59,80.25,82.94,48.1687,27425800.0,0.0
2006-09-08,81.19,81.54,79.31,80.66,46.8446,16108000.0,0.0
2006-09-01,79.91,81.68,79.76,81.41,47.2802,22236900.0,0.0
2006-08-25,79.51,80.0,78.42,79.88,46.3916,18060100.0,0.0
2006-08-18,75.85,79.97,75.6,79.9,46.4032,29303900.0,0.0
2006-08-11,75.63,76.28,75.05,75.48,43.8362,19054700.0,0.3
2006-08-04,76.44,77.5,74.9,75.91,43.9111,20900500.0,0.0
2006-07-28,74.92,77.3,74.92,76.96,44.5185,25666400.0,0.0
2006-07-21,73.34,77.06,72.73,74.86,43.3037,50614500.0,0.0
2006-07-14,76.18,76.83,73.37,73.57,42.5575,37325800.0,0.0
2006-07-07,77.54,78.53,76.12,76.42,44.2061,18199800.0,0.0
2006-06-30,77.04,77.93,76.06,76.82,44.4375,26797500.0,0.0
2006-06-23,78.06,78.56,76.94,77.1,44.5994,27070000.0,0.0
2006-06-16,77.68,78.78,76.82,77.95,45.0911,33150500.0,0.0
2006-06-09,79.1,80.74,76.75,78.01,45.1258,40341000.0,0.0
2006-06-02,80.35,80.96,79.15,79.52,45.9993,23532800.0,0.0
2006-05-26,79.94,81.3,79.0,80.75,46.7108,26222700.0,0.0
2006-05-19,81.8,83.25,79.51,80.28,46.4389,28629900.0,0.0
2006-05-12,82.6,83.69,82.3,82.39,47.6595,22319900.0,0.3
2006-05-05,82.59,83.55,82.0,82.98,47.8277,24540000.0,0.0
2006-04-28,81.3,84.4,81.1,82.34,47.4588,36485300.0,0.0
2006-04-21,81.77,84.0,81.26,81.66,47.0669,35449300.0,0.0
2006-04-13,82.49,82.74,80.63,81.98,47.2513,18292300.0,0.0
2006-04-07,82.72,84.45,82.44,82.48,47.5395,23780100.0,0.0
2006-03-31,82.98,83.7,82.2,82.47,47.5337,23139800.0,0.0
2006-03-24,83.11,84.99,82.93,83.36,48.0467,25547800.0,0.0
2006-03-17,81.56,83.76,81.45,83.3,48.0121,25173700.0,0.0
2006-03-10,80.05,82.25,79.86,81.57,47.015,23708100.0,0.0
2006-03-03,80.0,80.89,79.51,79.96,46.087,23693200.0,0.0
2006-02-24,80.1,81.65,79.85,80.1,46.1677,20014900.0,0.0
2006-02-17,81.33,81.91,80.13,80.71,46.5193,26994200.0,0.0
2006-02-10,79.94,81.46,78.93,81.33,46.8767,32826100.0,0.2
2006-02-03,81.02,82.24,79.72,79.97,45.979,33566000.0,0.0
2006-01-27,81.33,82.15,80.59,81.02,46.5827,32471000.0,0.0
2006-01-20,82.8,84.7,81.25,81.36,46.7782,34792500.0,0.0
2006-01-13,83.9,84.81,82.5,83.17,47.8188,30173200.0,0.0
2006-01-06,82.45,85.03,80.81,84.95,48.8423,36958200.0,0.0
2005-12-30,83.48,84.5,81.56,82.2,47.2611,17622000.0,0.0
2005-12-23,83.23,84.2,82.06,83.48,47.9971,27298200.0,0.0
2005-12-16,87.01,87.35,82.75,83.37,47.9338,39305300.0,0.0
2005-12-09,88.4,89.92,86.33,86.97,50.0037,26427900.0,0.0
2005-12-02,88.8,89.94,88.36,88.65,50.9696,25765400.0,0.0
2005-11-25,87.6,89.39,86.88,88.8,51.0558,18193100.0,0.0
2005-11-18,84.25,88.0,84.03,87.77,50.4636,30719600.0,0.0
2005-11-11,83.1,84.84,82.3,84.55,48.6123,21762600.0,0.2
2005-11-04,81.51,83.3,80.64,83.0,47.6066,31154000.0,0.0
2005-10-28,83.15,83.95,80.5,81.42,46.7003,25793400.0,0.0
2005-10-21,82.36,84.6,81.93,83.33,47.7959,39286100.0,0.0
2005-10-14,81.24,83.52,81.08,82.35,47.2338,36349300.0,0.0
2005-10-07,80.22,81.47,78.7,80.5,46.1727,30921800.0,0.0
2005-09-30,78.31,80.55,76.93,80.22,46.0121,30116700.0,0.0
2005-09-23,79.74,79.98,77.3,78.0,44.7387,31701800.0,0.0
2005-09-16,81.03,82.11,79.67,80.33,46.0751,25110400.0,0.0
2005-09-09,79.7,81.52,79.7,81.44,46.7118,18681300.0,0.0
2005-09-02,80.0,81.75,79.34,79.46,45.5761,25171500.0,0.0
2005-08-26,82.75,83.35,80.26,80.38,46.1038,22210500.0,0.0
2005-08-19,81.9,83.3,80.8,82.76,47.4689,22885800.0,0.0
2005-08-12,83.41,84.01,81.62,82.19,47.142,22568800.0,0.2
2005-08-05,83.0,84.2,82.73,83.36,47.6986,22265700.0,0.0
2005-07-29,83.98,84.52,82.81,83.46,47.7559,24382900.0,0.0
2005-07-22,81.99,85.11,81.68,84.44,48.3166,45014200.0,0.0
2005-07-15,79.4,82.75,78.52,82.38,47.1379,45662500.0,0.0
2005-07-08,74.38,79.52,74.16,79.3,45.3755,37388800.0,0.0
2005-07-01,74.01,75.68,73.45,74.67,42.7262,30677800.0,0.0
2005-06-24,76.03,77.49,74.0,74.01,42.3486,33289800.0,0.0
2005-06-17,74.5,77.73,74.45,76.39,43.7104,33568000.0,0.0
2005-06-10,75.8,76.09,74.1,74.77,42.7834,24804200.0,0.0
2005-06-03,76.6,77.5,75.5,75.79,43.3671,23975100.0,0.0
2005-05-27,76.3,77.41,75.17,77.1,44.1167,24899800.0,0.0
2005-05-20,73.09,77.64,73.09,76.41,43.7218,34306900.0,0.0
2005-05-13,75.26,75.46,72.5,73.16,41.8622,33727100.0,0.0
2005-05-06,76.88,78.11,74.97,75.26,43.0638,39063200.0,0.2
2005-04-29,75.24,77.18,74.05,76.38,43.5888,51112000.0,0.0
2005-04-22,77.15,77.75,71.85,74.21,42.3505,70090000.0,0.0
2005-04-15,87.35,87.56,76.33,76.7,43.7715,62144400.0,0.0
2005-04-08,90.08,90.62,87.5,87.6,49.9919,27677900.0,0.0
2005-04-01,90.71,91.76,90.04,90.44,51.6127,25553000.0,0.0
2005-03-24,89.42,91.55,89.26,90.7,51.761,18904100.0,0.0
2005-03-18,91.5,92.27,89.09,89.28,50.9507,25767500.0,0.0
2005-03-11,92.35,93.0,91.2,91.51,52.2233,24562700.0,0.0
2005-03-04,92.53,93.73,92.2,92.37,52.7141,22028900.0,0.0
2005-02-25,92.67,93.5,91.55,92.8,52.9595,18680300.0,0.0
2005-02-18,93.16,94.97,92.55,93.27,53.2277,20002800.0,0.0
2005-02-11,94.35,94.9,92.3,93.3,53.2448,21103700.0,0.18
2005-02-04,93.65,94.74,93.0,94.51,53.8324,19731000.0,0.0
2005-01-28,92.7,93.59,91.44,92.89,52.9097,27667500.0,0.0
2005-01-21,93.65,95.34,92.23,92.38,52.6192,28556000.0,0.0
2005-01-14,95.78,96.2,93.55,94.1,53.5989,26060300.0,0.0
2005-01-07,98.97,99.1,95.47,95.78,54.5558,27415300.0,0.0
2004-12-31,97.69,99.0,97.37,98.58,56.1507,17501200.0,0.0
2004-12-23,96.35,98.0,96.35,97.72,55.6608,18152400.0,0.0
2004-12-17,96.85,98.15,96.08,96.2,54.795,27720400.0,0.0
2004-12-10,96.88,98.25,95.71,96.67,55.0627,26952800.0,0.0
2004-12-03,94.94,97.63,94.24,97.08,55.2963,29413700.0,0.0
2004-11-26,94.3,95.79,94.16,94.72,53.952,17298900.0,0.0
2004-11-19,95.08,96.63,94.25,94.45,53.7982,27259900.0,0.0
2004-11-12,92.5,95.5,92.5,95.32,54.2938,28090600.0,0.18
2004-11-05,89.33,93.52,89.23,93.28,53.0296,30762600.0,0.0
2004-10-29,87.36,90.27,87.31,89.75,51.0228,27890400.0,0.0
2004-10-22,84.3,89.73,84.29,87.39,49.6811,39927800.0,0.0
2004-10-15,86.77,87.2,84.3,84.85,48.2371,24456500.0,0.0
2004-10-08,87.0,88.1,86.51,86.71,49.2945,21303400.0,0.0
2004-10-01,84.1,86.98,83.88,86.72,49.3002,22465000.0,0.0
2004-09-24,85.4,86.43,83.24,84.43,47.9984,23167900.0,0.0
2004-09-17,87.0,87.28,85.44,85.74,48.7431,23207800.0,0.0
2004-09-10,84.7,87.0,84.6,86.76,49.323,17994900.0,0.0
2004-09-03,84.57,85.09,83.65,84.39,47.9756,17286100.0,0.0
2004-08-27,85.23,85.45,84.35,84.94,48.2883,16955800.0,0.0
2004-08-20,83.7,85.35,83.51,85.25,48.4645,21524300.0,0.0
2004-08-13,83.48,84.99,81.9,83.91,47.7027,26196900.0,0.0
2004-08-06,86.87,87.39,83.42,83.48,47.4583,20815300.0,0.18
2004-07-30,84.85,87.4,84.51,87.07,49.3927,22923000.0,0.0
2004-07-23,84.5,87.11,84.4,84.85,48.1333,28063300.0,0.0
2004-07-16,84.0,86.48,83.42,84.28,47.81,35836700.0,0.0
2004-07-09,86.5,86.73,83.51,83.89,47.5888,26209600.0,0.0
2004-07-02,89.71,89.9,86.57,87.04,49.3757,21510400.0,0.0
2004-06-25,90.4,90.92,88.94,89.55,50.7995,22021500.0,0.0
2004-06-18,90.05,91.21,89.62,90.06,51.0888,22426400.0,0.0
2004-06-10,88.75,90.75,88.01,90.46,51.3158,18366900.0,0.0
2004-06-04,88.09,88.64,87.3,87.56,49.6707,15611800.0,0.0
2004-05-28,87.75,89.08,86.55,88.59,50.2549,20742800.0,0.0
2004-05-21,85.3,88.88,85.15,87.13,49.4267,26694400.0,0.0
2004-05-14,87.6,88.15,85.12,86.41,49.0183,31619400.0,0.0
2004-05-07,88.13,89.75,87.2012,88.19,50.028,25650700.0,0.18
2004-04-30,90.75,91.99,88.01,88.17,49.915,26790300.0,0.0
2004-04-23,91.9,92.48,89.7,91.28,51.6757,26094200.0,0.0
2004-04-16,93.5,94.36,91.04,92.28,52.2418,31404700.0,0.0
2004-04-08,93.95,94.39,92.51,93.12,52.7173,16201400.0,0.0
2004-04-02,92.99,94.55,91.35,94.2,53.3287,25046900.0,0.0
2004-03-26,91.27,93.25,90.28,92.77,52.5192,27482700.0,0.0
2004-03-19,92.6,93.79,90.88,91.62,51.8681,27477500.0,0.0
2004-03-12,96.49,96.88,91.15,93.3,52.8192,32862500.0,0.0
2004-03-05,96.5,97.6,95.56,96.45,54.6025,21755500.0,0.0
2004-02-27,97.4,97.51,95.2,96.5,54.6308,25680600.0,0.0
2004-02-20,99.99,100.0,97.19,97.31,55.0894,19898100.0,0.0
2004-02-13,99.31,100.31,98.41,99.71,56.4481,20479500.0,0.0
2004-02-06,99.15,100.43,98.25,98.94,56.0121,31683700.0,0.16
2004-01-30,97.9,99.85,96.55,99.23,56.0856,30864500.0,0.0
2004-01-23,96.0,98.21,95.73,97.9,55.3339,25889600.0,0.0
2004-01-16,91.21,95.65,89.01,95.32,53.8757,48592000.0,0.0
2004-01-09,92.0,93.38,91.0,91.21,51.5527,28694600.0,0.0
2004-01-02,93.1,93.73,91.2,91.55,51.7448,18092000.0,0.0
2003-12-26,92.83,93.5,92.18,92.9,52.5079,11178100.0,0.0
2003-12-19,93.43,94.12,91.88,93.14,52.6435,33482600.0,0.0
2003-12-12,90.52,93.16,90.52,92.71,52.4005,30943400.0,0.0
2003-12-05,90.9,91.48,90.03,90.64,51.2305,27735300.0,0.0
2003-11-28,89.03,90.68,88.95,90.54,51.174,15370200.0,0.0
2003-11-21,89.9,90.18,88.23,88.63,50.0944,25235500.0,0.0
2003-11-14,89.55,91.48,88.89,90.25,51.0101,28880700.0,0.0
2003-11-07,89.9,90.84,87.72,88.26,49.8853,28479700.0,0.16
2003-10-31,88.8,90.71,88.05,89.48,50.4844,28610800.0,0.0
2003-10-24,89.35,89.4,87.53,88.42,49.8864,29376600.0,0.0
2003-10-17,93.1,94.54,88.66,89.23,50.3434,47597600.0,0.0
2003-10-10,90.74,93.6,90.4,92.67,52.2842,27727600.0,0.0
2003-10-03,89.25,91.95,87.9,90.64,51.1389,35612700.0,0.0
2003-09-26,92.24,92.24,89.0,89.05,50.2418,34494900.0,0.0
2003-09-19,89.7,93.47,88.39,93.28,52.6284,42039300.0,0.0
2003-09-12,88.45,89.97,86.4,88.7,50.0444,41601200.0,0.0
2003-09-05,82.4,88.29,82.3,86.95,49.057,41027800.0,0.0
2003-08-29,82.85,83.03,81.27,82.01,46.2699,24293600.0,0.0
2003-08-22,82.05,84.72,81.9,82.97,46.8115,30615500.0,0.0
2003-08-15,80.87,82.19,80.28,81.79,46.1457,22220100.0,0.0
2003-08-08,80.75,81.36,78.73,80.88,45.6323,30290600.0,0.16
2003-08-01,83.67,83.7,80.05,81.27,45.7606,34886500.0,0.0
2003-07-25,83.2,83.74,81.51,83.55,47.0444,33171000.0,0.0
2003-07-18,86.0,87.03,82.5,83.72,47.1401,45286100.0,0.0
2003-07-11,84.8,86.75,83.47,84.89,47.7989,32242400.0,0.0
2003-07-03,83.9,84.89,81.4,83.95,47.2696,22755900.0,0.0
2003-06-27,84.79,84.79,82.09,83.42,46.9712,27829700.0,0.0
2003-06-20,83.1,85.29,82.55,84.92,47.8158,37484300.0,0.0
2003-06-13,80.0,84.98,79.81,82.75,46.5939,41268000.0,0.0
2003-06-06,89.0,89.08,79.84,80.05,45.0736,69955400.0,0.0
2003-05-30,84.51,88.7,84.51,88.04,49.5725,26786400.0,0.0
2003-05-23,88.05,88.47,84.89,85.26,48.0072,32835800.0,0.0
2003-05-16,87.55,90.4,87.1,88.99,50.1074,38800700.0,0.0
2003-05-09,87.2,88.34,85.75,87.55,49.2966,35257500.0,0.16
2003-05-02,84.05,87.57,83.62,87.57,49.217,39359000.0,0.0
2003-04-25,84.4,86.06,82.6,83.88,47.1431,36064700.0,0.0
2003-04-17,78.5,84.4,78.16,84.26,47.3567,42212300.0,0.0
2003-04-11,82.6,82.9,78.13,78.75,44.2599,39935800.0,0.0
2003-04-04,79.26,83.48,78.12,80.79,45.4065,46339300.0,0.0
2003-03-28,82.46,84.0,80.5,80.85,45.4402,42576300.0,0.0
2003-03-21,78.0,84.9,77.84,84.9,47.7164,58133300.0,0.0
2003-03-14,77.45,79.48,73.17,79.0,44.4004,48104400.0,0.0
2003-03-07,78.9,79.0,75.71,77.9,43.7822,32954000.0,0.0
2003-02-28,79.7,79.99,76.75,77.95,43.8103,39649300.0,0.0
2003-02-21,78.02,80.05,77.91,79.95,44.9344,26970500.0,0.0
2003-02-14,77.1,78.97,74.31,77.45,43.5293,41674400.0,0.0
2003-02-07,78.2,78.9,76.25,77.1,43.3326,37378500.0,0.15
2003-01-31,77.99,81.3,77.02,78.2,43.8659,42173800.0,0.0
2003-01-24,81.3,81.85,78.82,78.99,44.3091,34478700.0,0.0
2003-01-17,88.31,88.95,81.18,81.3,45.6049,53450200.0,0.0
2003-01-10,81.9,88.04,81.81,87.68,49.1837,50004000.0,0.0
2003-01-03,77.0,81.65,75.6,81.65,45.8012,29764800.0,0.0
2002-12-27,79.75,81.5,76.61,77.36,43.3947,20460800.0,0.0
2002-12-20,79.6,81.79,78.24,79.79,44.7578,36539200.0,0.0
2002-12-13,81.0,82.48,78.27,80.0,44.8756,37355200.0,0.0
2002-12-06,88.6,89.46,81.07,82.32,46.177,41270300.0,0.0
2002-11-29,84.63,88.11,83.52,86.92,48.7574,28402500.0,0.0
2002-11-22,80.8,85.17,77.84,84.43,47.3606,45101100.0,0.0
2002-11-15,77.59,80.99,76.7,80.01,44.8812,49429400.0,0.0
2002-11-08,81.99,83.81,77.2,77.59,43.5237,52109900.0,0.15
2002-11-01,75.15,80.5,74.2,80.4,45.0172,56125400.0,0.0
2002-10-25,73.65,75.9,71.75,74.56,41.7473,51727300.0,0.0
2002-10-18,61.54,74.25,61.54,74.25,41.5737,72253200.0,0.0
2002-10-11,56.6,63.92,54.01,63.92,35.7898,67066500.0,0.0
2002-10-04,59.55,62.0,55.77,56.6,31.6912,60869200.0,0.0
2002-09-27,63.75,64.88,59.55,60.36,33.7965,59368300.0,0.0
2002-09-20,72.0,73.45,63.9,63.92,35.7898,59733100.0,0.0
2002-09-13,72.45,77.5,71.31,72.5,40.5939,29374700.0,0.0
2002-09-06,74.2,75.0,71.5,73.2,40.9858,24168200.0,0.0
2002-08-30,80.4,80.89,75.1,75.38,42.2064,31535800.0,0.0
2002-08-23,79.35,82.85,79.01,80.4,45.0172,37599000.0,0.0
2002-08-16,71.05,79.98,70.61,79.35,44.4293,42544100.0,0.0
2002-08-09,67.94,74.3,65.85,71.83,40.2187,38896400.0,0.15
2002-08-02,70.37,72.7,67.12,67.88,37.9248,50523500.0,0.0
2002-07-26,71.25,72.19,65.7,66.4,37.0979,64004300.0,0.0
2002-07-19,68.4,74.2,66.6,72.0,40.2267,59368700.0,0.0
2002-07-12,73.0,73.48,67.55,69.21,38.6679,50325700.0,0.0
2002-07-05,72.01,73.9,67.16,73.5,41.0647,37781700.0,0.0
2002-06-28,67.25,73.62,66.1,72.0,40.2267,56342200.0,0.0
2002-06-21,76.18,77.75,68.19,68.75,38.4109,51132700.0,0.0
2002-06-14,77.75,78.8,73.25,76.17,42.5565,45826900.0,0.0
2002-06-07,80.75,80.95,77.0,78.3,43.7465,37678900.0,0.0
2002-05-31,82.8,83.11,80.22,80.45,44.9477,21571900.0,0.0
2002-05-24,85.45,85.46,82.52,83.1,46.4283,25012600.0,0.0
2002-05-17,80.25,86.49,79.5,85.69,47.8753,37347700.0,0.0
2002-05-10,81.7,83.0,75.92,79.68,44.5175,61363200.0,0.15
2002-05-03,84.71,85.23,81.11,81.78,45.6078,42862500.0,0.0
2002-04-26,88.95,89.08,84.7,84.71,47.2418,31976500.0,0.0
2002-04-19,86.5,90.03,84.0,89.0,49.6343,51860900.0,0.0
2002-04-12,87.5,89.95,83.34,85.6,47.7382,110897800.0,0.0
2002-04-05,104.0,104.0,97.25,97.25,54.2353,36348600.0,0.0
2002-03-28,105.8,106.66,102.3,104.0,57.9997,25371800.0,0.0
2002-03-22,107.1,108.64,104.7,105.6,58.892,25381100.0,0.0
2002-03-15,104.35,108.85,103.6,106.79,59.5556,42307200.0,0.0
2002-03-08,103.35,107.5,103.13,105.09,58.6075,47715500.0,0.0
2002-03-01,98.45,103.1,95.99,103.02,57.4531,51947900.0,0.0
2002-02-22,101.5,101.8,95.76,98.45,54.9045,48524400.0,0.0
2002-02-15,105.0,109.15,101.7,102.89,57.3806,39939500.0,0.0
2002-02-08,108.0,108.5,102.61,104.99,58.5518,35602600.0,0.14
2002-02-01,109.5,110.21,101.0,108.0,60.1514,55992100.0,0.0
2002-01-25,114.25,114.26,107.0,109.28,60.8643,38030400.0,0.0
2002-01-18,120.0,120.55,112.81,114.25,63.6324,50634800.0,0.0
2002-01-11,125.0,126.39,120.28,120.31,67.0076,31815400.0,0.0
2002-01-04,122.75,125.6,119.8,125.6,69.9539,27402400.0,0.0
2001-12-28,122.05,123.93,121.1,122.9,68.4501,13450200.0,0.0
2001-12-21,120.15,124.7,120.15,122.0,67.9489,34859100.0,0.0
2001-12-14,120.0,123.21,119.41,121.1,67.4476,36439000.0,0.0
2001-12-07,114.8,121.98,113.21,120.4,67.0577,45132800.0,0.0
2001-11-30,115.9,116.4,111.81,115.59,64.3788,29636100.0,0.0
2001-11-23,114.7,116.8,113.05,115.35,64.2451,17282200.0,0.0
2001-11-16,113.0,117.0,112.05,114.5,63.7717,36592100.0,0.0
2001-11-09,109.95,115.56,109.0,114.08,63.5377,37385000.0,0.14
2001-11-02,110.5,111.12,106.9,109.5,60.912,37116500.0,0.0
2001-10-26,102.65,112.1,101.9,111.16,61.8354,43172300.0,0.0
2001-10-19,99.85,106.7,99.66,102.65,57.1015,63537500.0,0.0
2001-10-12,98.03,101.0,94.9,100.84,56.0946,48258400.0,0.0
2001-10-05,91.72,98.88,91.34,98.02,54.526,46507700.0,0.0
2001-09-28,91.8,96.0,87.49,91.72,51.0214,61809500.0,0.0
2001-09-21,93.9,96.85,89.5,90.5,50.3428,75868900.0,0.0
2001-09-10,96.0,97.4,95.59,96.47,53.6637,10311500.0,0.0
2001-09-07,100.15,103.13,96.0,96.59,53.7305,41322600.0,0.0
2001-08-31,106.99,108.2,98.86,99.95,55.5996,38331400.0,0.0
2001-08-24,104.68,107.8,101.4,106.99,59.5157,33343800.0,0.0
2001-08-17,105.0,106.85,103.66,104.59,58.1807,29688900.0,0.0
2001-08-10,107.25,107.37,102.7,104.95,58.3809,26622100.0,0.14
2001-08-03,104.9,110.09,104.76,108.18,60.0969,25049100.0,0.0
2001-07-27,105.7,106.95,102.73,104.7,58.1637,32638300.0,0.0
2001-07-20,108.53,109.38,103.03,105.7,58.7192,48299000.0,0.0
2001-07-13,106.5,109.3,101.56,108.53,60.2914,45082800.0,0.0
2001-07-06,113.5,115.4,105.81,106.5,59.1637,25362500.0,0.0
2001-06-29,113.75,116.95,111.1,113.5,63.0523,35230300.0,0.0
2001-06-22,113.98,117.25,111.36,112.87,62.7024,33926900.0,0.0
2001-06-15,116.3,118.47,113.38,113.6,63.1079,39520000.0,0.0
2001-06-08,113.25,119.0,112.85,116.1,64.4967,29113600.0,0.0
2001-06-01,117.35,117.59,111.64,112.89,62.7135,27279700.0,0.0
2001-05-25,117.95,119.9,117.1,117.8,65.4411,34172800.0,0.0
2001-05-18,111.2,117.68,111.0,117.44,65.2411,32527500.0,0.0
2001-05-11,116.2,118.9,110.96,111.81,62.1135,37758700.0,0.14
2001-05-04,116.4,118.95,111.2,115.86,64.2869,40113600.0,0.0
2001-04-27,114.01,116.9,111.68,116.2,64.4756,38874700.0,0.0
2001-04-20,96.2,116.4,95.2,114.83,63.7154,77541600.0,0.0
2001-04-12,98.5,101.94,93.8,96.2,53.3782,40874500.0,0.0
2001-04-06,97.45,100.0,90.05,97.95,54.3493,61562900.0,0.0
2001-03-30,95.25,100.0,93.75,96.18,53.3671,52337900.0,0.0
2001-03-23,91.0,94.99,87.65,93.51,51.8856,56911400.0,0.0
2001-03-16,97.9,98.9,88.2,90.1,49.9935,69318700.0,0.0
2001-03-09,102.81,108.4,97.9,99.29,55.0928,46134500.0,0.0
2001-03-02,105.8,107.65,97.5,102.3,56.7629,59912700.0,0.0
2001-02-23,114.55,115.6,100.25,104.0,57.7062,42890800.0,0.0
2001-02-16,110.55,118.64,110.3,115.0,63.8097,36127100.0,0.0
2001-02-09,109.4,118.2,109.3,112.0,62.1451,36346600.0,0.13
2001-02-02,112.5,116.75,109.6,110.27,61.1173,32690400.0,0.0
2001-01-26,109.5,115.25,107.62,114.19,63.2899,40283600.0,0.0
2001-01-19,93.75,113.94,91.81,111.25,61.6604,55406000.0,0.0
2001-01-12,93.5,96.44,91.25,93.81,51.9943,37351000.0,0.0
2001-01-05,84.5,99.75,83.75,94.0,52.0996,44240800.0,0.0
2000-12-29,89.0,89.56,82.12,85.0,47.1113,31039700.0,0.0
2000-12-22,88.37,94.44,80.06,89.0,49.3283,50218000.0,0.0
2000-12-15,96.5,98.25,87.31,87.81,48.6688,41477400.0,0.0
2000-12-08,96.0,104.75,93.12,97.0,53.7623,37530500.0,0.0
2000-12-01,100.44,102.0,92.25,95.62,52.9975,32366400.0,0.0
2000-11-24,101.5,104.37,98.31,99.94,55.3918,22641900.0,0.0
2000-11-17,91.81,102.5,91.62,101.94,56.5003,29453200.0,0.0
2000-11-10,99.87,103.75,93.0,93.0,51.5453,32715700.0,0.13
2000-11-03,93.5,102.62,90.31,100.12,55.4196,39746400.0,0.0
2000-10-27,94.75,95.0,86.94,93.69,51.8604,48790400.0,0.0
2000-10-20,111.5,113.87,90.25,94.75,52.4471,73706800.0,0.0
2000-10-13,115.94,119.37,103.12,109.06,60.3681,38085500.0,0.0
2000-10-06,112.62,119.62,108.56,116.0,64.2096,43940700.0,0.0
2000-09-29,124.5,126.62,110.25,112.62,62.3387,31360800.0,0.0
2000-09-22,125.25,126.69,120.0,123.87,68.5659,22129500.0,0.0
2000-09-15,127.87,129.19,122.75,125.0,69.1914,28000200.0,0.0
2000-09-08,132.81,134.88,129.38,129.5,71.6823,20201600.0,0.0
2000-09-01,129.88,134.94,129.56,133.63,73.9684,30751200.0,0.0
2000-08-25,121.06,129.88,119.87,129.0,71.4056,24522100.0,0.0
2000-08-18,120.0,123.69,119.31,120.44,66.6673,23739400.0,0.0
2000-08-11,116.62,121.81,115.56,120.62,66.767,29859300.0,0.13
2000-08-04,110.5,116.5,110.06,115.87,64.0676,24015800.0,0.0
2000-07-28,114.12,115.62,108.87,111.81,61.8227,28454700.0,0.0
2000-07-21,104.44,117.81,101.0,114.75,63.4483,52881600.0,0.0
2000-07-14,104.69,105.94,101.0,103.94,57.4712,25072200.0,0.0
2000-07-07,108.75,109.87,100.0,105.06,58.0905,38608400.0,0.0
2000-06-30,113.0,115.75,108.62,109.56,60.5787,32971500.0,0.0
2000-06-23,113.5,120.69,110.81,111.87,61.8559,27864000.0,0.0
2000-06-16,119.12,120.44,113.25,113.25,62.619,26364000.0,0.0
2000-06-09,108.44,122.31,108.44,119.69,66.1798,37831000.0,0.0
2000-06-02,107.75,111.0,105.5,108.81,60.164,18535800.0,0.0
2000-05-26,106.0,112.25,103.44,106.94,59.13,31197000.0,0.0
2000-05-19,104.0,109.25,102.0,106.44,58.8535,29694500.0,0.0
2000-05-12,108.06,110.62,102.06,104.44,57.7477,33410400.0,0.13
2000-05-05,112.5,113.62,106.5,107.87,59.5736,22151300.0,0.0
2000-04-28,102.0,113.94,101.25,111.5,61.5784,35488400.0,0.0
2000-04-20,103.87,115.12,102.06,104.0,57.4363,43482800.0,0.0
2000-04-14,124.75,125.37,102.87,105.0,57.9886,42149600.0,0.0
2000-04-07,120.0,128.0,115.06,123.12,67.9958,47344000.0,0.0
2000-03-31,125.0,128.25,117.06,118.37,65.3725,44498000.0,0.0
2000-03-24,110.0,122.25,109.94,120.62,66.6151,38090900.0,0.0
2000-03-17,104.0,111.69,102.5,110.0,60.75,36990400.0,0.0
2000-03-10,109.94,111.0,101.0,105.25,58.1267,42586200.0,0.0
2000-03-03,104.62,110.0,99.5,108.0,59.6454,51128300.0,0.0
2000-02-25,112.0,113.44,104.94,108.0,59.6454,34514300.0,0.0
2000-02-18,116.0,118.87,111.5,112.5,62.1307,26599300.0,0.0
2000-02-11,116.0,119.75,113.12,115.37,63.7157,26814500.0,0.12
2000-02-04,111.37,118.44,109.12,115.62,63.7893,32834200.0,0.0
2000-01-28,121.87,122.87,110.06,111.56,61.5494,33325200.0,0.0
2000-01-21,119.69,124.75,112.69,121.5,67.0334,41930500.0,0.0
2000-01-14,117.25,123.31,115.37,119.62,65.9962,42663900.0,0.0
2000-01-07,112.44,119.75,110.62,113.5,62.6197,51137300.0,0.0
1999-12-31,109.69,110.75,106.62,107.87,59.5135,16812500.0,0.0
1999-12-23,109.06,110.44,107.75,108.62,59.9273,18144100.0,0.0
1999-12-17,108.12,112.75,104.5,110.0,60.6887,38810100.0,0.0
1999-12-10,113.0,122.12,107.56,109.0,60.137,58626000.0,0.0
1999-12-03,104.94,112.87,102.12,111.87,61.7204,37670000.0,0.0
1999-11-26,105.5,109.87,101.81,105.0,57.9301,37165600.0,0.0
1999-11-19,96.0,105.12,92.62,103.94,57.3453,61550800.0,0.0
1999-11-12,90.5,97.5,90.5,95.87,52.8929,43569700.0,0.12
