1. open,2. high,3. low,4. close,5. volume
141.4,141.4,141.4,141.4,300.0
141.2,141.3999,141.2,141.3999,41360.0
141.35,141.35,141.3,141.3,802.0
141.48,141.48,141.48,141.48,840.0
141.2,141.2,141.2,141.2,1316.0
141.2,141.2,141.2,141.2,131813.0
141.06,141.29,141.03,141.2,661140.0
141.04,141.135,140.9,141.07,220929.0
141.12,141.1999,140.895,141.04,885436.0
140.96,141.17,140.9123,141.115,220185.0
140.91,140.97,140.78,140.95,148011.0
140.74,141.015,140.74,140.92,186621.0
140.72,140.9,140.66,140.74,439438.0
140.81,140.88,140.7,140.72,211129.0
140.9,141.12,140.76,140.805,214911.0
140.66,141.07,140.66,140.89,130869.0
140.79,140.81,140.55,140.65,123018.0
140.81,140.92,140.53,140.79,94763.0
140.82,140.95,140.745,140.805,69348.0
140.97,140.99,140.815,140.825,73335.0
141.07,141.16,140.945,140.97,74281.0
141.136,141.19,141.01,141.08,55033.0
141.355,141.43,141.12,141.15,59972.0
141.46,141.53,141.31,141.365,78359.0
141.47,141.55,141.365,141.455,70293.0
141.22,141.59,141.19,141.46,57102.0
141.43,141.555,141.19,141.2,89865.0
141.585,141.59,141.38,141.43,96966.0
141.22,141.565,141.05,141.535,83562.0
140.56,141.43,140.51,141.24,87619.0
141.62,141.62,140.51,140.54,560236.0
141.67,141.86,141.04,141.64,604193.0
140.95,141.88,140.75,141.88,6238.0
140.75,140.75,140.75,140.75,245.0
140.75,140.9,140.73,140.75,1496.0
140.25,140.29,140.25,140.29,421.0
140.1202,140.45,140.1202,140.45,1159.0
140.72,140.72,140.72,140.72,151.0
140.62,140.62,140.62,140.62,610.0
140.65,140.65,140.6,140.64,744.0
140.8,140.8,140.62,140.7999,778.0
140.8,140.8,140.8,140.8,100.0
140.83,140.83,140.34,140.34,3097.0
140.71,140.71,140.7,140.7,500.0
140.7,140.84,140.7,140.84,700.0
140.5015,140.8085,140.5015,140.8085,227.0
140.62,140.84,140.62,140.62,98073.0
141.2216,141.25,140.58,140.6,652177.0
141.48,141.545,141.2085,141.23,167655.0
141.66,141.705,141.41,141.47,179308.0
141.94,141.95,141.61,141.66,121152.0
142.1,142.18,141.9,141.93,77643.0
141.99,142.23,141.9,142.08,96687.0
141.82,141.99,141.77,141.975,61691.0
141.67,141.86,141.47,141.86,52613.0
141.72,141.75,141.555,141.66,50471.0
141.72,141.92,141.7,141.71,66151.0
141.61,141.83,141.47,141.7,64224.0
141.48,141.755,141.48,141.635,67379.0
141.37,141.48,141.235,141.46,54379.0
141.4501,141.58,141.31,141.36,62168.0
141.51,141.69,141.41,141.46,67290.0
141.1,141.51,141.08,141.51,56827.0
141.14,141.27,141.05,141.12,69223.0
141.21,141.23,140.97,141.16,103277.0
141.2672,141.52,141.21,141.215,106469.0
140.74,141.32,140.72,141.285,82520.0
140.99,141.0,140.59,140.775,88064.0
140.99,141.06,140.85,141.005,73976.0
140.79,141.27,140.7,141.0,112525.0
141.04,141.31,140.64,140.8,145403.0
141.46,141.75,140.95,141.06,162188.0
140.0,141.6,139.75,141.44,337997.0
140.8,140.8,140.8,140.8,120.0
140.05,140.05,139.52,139.72,1794.0
140.05,140.05,140.02,140.02,941.0
140.14,140.14,140.14,140.14,501.0
140.14,140.16,140.14,140.16,1364.0
140.2,140.2,140.2,140.2,100.0
140.41,140.41,140.2,140.24,1086.0
140.41,140.41,140.41,140.41,200.0
140.22,140.22,140.21,140.21,444.0
140.21,140.31,140.13,140.13,2651.0
140.41,140.41,140.1,140.1,84930.0
140.42,140.58,140.225,140.36,819892.0
141.06,141.12,140.38,140.415,261780.0
141.26,141.5,141.07,141.08,155186.0
141.24,141.31,141.095,141.255,132885.0
141.4,141.4,141.2,141.25,96628.0
141.65,141.74,141.4,141.42,113355.0
141.39,141.74,141.3502,141.6616,96389.0
141.245,141.5459,141.13,141.4,86763.0
140.89,141.39,140.87,141.235,146670.0
140.74,141.17,140.72,140.8901,130794.0
140.91,140.91,140.5,140.73,126691.0
140.83,140.97,140.68,140.92,211267.0
140.715,140.89,140.6,140.82,108865.0
140.65,140.98,140.555,140.7201,131500.0
141.46,141.4602,140.58,140.635,176020.0
141.46,141.49,141.2,141.46,148519.0
141.84,141.94,141.37,141.46,174905.0
142.14,143.99,141.82,141.86,217063.0
142.915,142.915,142.15,142.15,192979.0
143.55,143.73,142.88,142.9299,181871.0
143.4734,143.64,143.225,143.58,178832.0
143.11,143.56,142.965,143.475,161434.0
143.37,143.47,142.945,143.13,151516.0
143.29,143.56,142.96,143.38,320173.0
143.64,143.805,143.18,143.29,299136.0
144.4,144.678,143.52,143.625,689474.0
143.81,144.58,143.37,144.38,15012.0
143.02,143.88,143.0,143.56,19363.0
142.88,143.35,142.88,143.0,6057.0
142.99,143.12,142.55,142.72,19728.0
142.22,142.99,142.22,142.99,6555.0
142.5,142.57,142.16,142.3,4484.0
142.5,142.57,142.5,142.57,1038.0
142.5,142.5,142.5,142.5,1549.0
142.48,142.48,142.48,142.48,331.0
142.47,142.5,142.4,142.4,2681.0
141.79,142.0,141.79,142.0,1146.0
142.5,142.5,142.4,142.4,1282.0
142.5,142.61,142.5,142.61,2748.0
142.5,142.5,142.5,142.5,500.0
142.51,142.51,142.5,142.5,926.0
142.5,142.61,142.5,142.61,623.0
142.64,142.64,142.51,142.51,1215.0
142.51,142.6,142.51,142.6,405.0
143.5,143.5,142.8,142.8,3297.0
145.12,145.12,145.12,145.12,100.0
145.1,145.1,145.1,145.1,104.0
145.48,145.48,145.48,145.48,561.0
145.7,145.7,145.7,145.7,100.0
145.19,146.5,145.19,145.19,125412.0
145.205,145.255,145.01,145.21,354320.0
145.23,145.29,145.06,145.2,129701.0
145.245,145.2999,145.16,145.24,74551.0
145.48,145.55,145.25,145.255,62450.0
145.565,145.58,145.435,145.46,52523.0
145.34,145.605,145.34,145.5549,59806.0
145.44,145.44,145.23,145.34,68794.0
145.545,145.68,145.38,145.43,73227.0
145.525,145.59,145.44,145.54,42577.0
145.545,145.6,145.43,145.52,47914.0
145.415,145.52,145.41,145.515,40850.0
145.3,145.55,145.29,145.39,52902.0
145.475,145.511,145.25,145.3,89964.0
145.48,145.63,145.43,145.47,91482.0
145.62,145.71,145.47,145.49,60074.0
145.85,145.93,145.6,145.65,51316.0
145.615,145.8615,145.58,145.83,95126.0
145.66,145.8399,145.51,145.615,125512.0
145.62,145.72,145.4375,145.67,89113.0
146.1,146.75,145.53,145.6,69560.0
146.35,146.4,146.0,146.075,60467.0
146.58,146.78,146.205,146.349,70035.0
146.9484,147.11,146.5,146.56,93218.0
146.65,147.18,146.635,146.9729,95945.0
146.8499,147.07,146.61,146.68,89577.0
146.42,147.11,146.23,146.8828,276744.0
146.6,146.6,146.45,146.45,697.0
146.5,146.5,146.35,146.35,910.0
146.84,146.85,146.45,146.47,3323.0
146.28,146.43,146.28,146.43,1922.0
146.32,146.32,146.03,146.03,356.0
146.29,146.3,146.29,146.3,942.0
146.29,146.31,146.29,146.31,1072.0
146.14,146.15,146.14,146.15,594.0
146.03,146.2,146.0,146.2,1259.0
146.17,146.17,146.17,146.17,206.0
146.17,146.17,146.17,146.17,1312.0
145.6,145.6,145.6,145.6,223.0
145.89,145.89,145.89,145.89,69684.0
145.97,145.99,145.705,145.87,368643.0
145.935,146.1,145.882,145.975,148557.0
145.79,145.9668,145.77,145.92,66335.0
145.74,145.89,145.71,145.8,52315.0
145.71,145.78,145.58,145.74,45282.0
145.785,145.85,145.62,145.71,56591.0
145.88,145.92,145.75,145.77,44068.0
145.81,145.909,145.78,145.87,50071.0
145.77,145.94,145.75,145.8,37170.0
145.55,145.807,145.51,145.78,50104.0
145.55,145.56,145.47,145.56,30754.0
145.5499,145.5902,145.4606,145.56,36583.0
145.51,145.63,145.405,145.5431,34421.0
145.5,145.51,145.345,145.475,47364.0
145.605,145.6859,145.42,145.5,35666.0
145.32,145.625,145.25,145.61,77389.0
145.31,145.345,145.17,145.34,50877.0
145.37,145.4013,145.12,145.3204,40490.0
145.08,145.45,145.07,145.38,51034.0
145.08,145.14,144.94,145.06,103447.0
144.87,145.19,144.86,145.08,58490.0
145.12,145.31,144.9,144.9,62394.0
145.06,145.3,144.97,145.12,73267.0
144.83,145.17,144.78,145.0301,79797.0
144.13,144.94,144.11,144.85,78053.0
144.06,144.755,144.01,144.1335,237279.0
144.55,144.55,144.01,144.03,2647.0
144.78,144.78,144.7,144.71,2140.0
144.5,144.5,144.5,144.5,400.0
144.5,144.5,144.5,144.5,200.0
145.17,145.17,144.99,144.99,1686.0
145.79,145.79,145.55,145.55,855.0
145.5001,145.5001,145.5,145.5001,604.0
145.55,145.55,145.5,145.55,66638.0
145.48,145.67,145.31,145.55,345804.0
145.47,145.595,145.43,145.49,93940.0
145.48,145.62,145.4,145.46,74425.0
145.88,146.0,145.425,145.48,70960.0
146.0,146.12,145.75,145.8818,61779.0
145.93,146.14,145.89,146.0,48008.0
146.38,146.38,145.95,145.98,76690.0
146.62,146.66,146.375,146.42,57201.0
146.3,146.63,146.2697,146.5816,63626.0
146.08,146.43,145.92,146.3,85499.0
146.58,146.62,145.97,146.08,91045.0
146.46,146.59,146.37,146.5663,54734.0
146.35,146.58,146.35,146.46,78126.0
146.38,146.47,146.32,146.34,59062.0
146.08,146.38,146.06,146.35,61729.0
145.945,146.13,145.8575,146.08,48674.0
146.0,146.13,145.82,145.96,76242.0
145.96,146.08,145.65,145.995,73870.0
145.81,146.1278,145.79,145.97,78698.0
145.76,145.9,145.3955,145.87,105394.0
145.77,146.01,145.57,145.76,80747.0
145.76,146.27,145.69,145.755,92032.0
145.84,146.04,145.75,145.755,83507.0
145.27,146.12,145.245,145.93,108787.0
145.05,145.39,144.755,145.35,91229.0
144.88,145.11,144.52,145.04,164546.0
144.95,144.95,144.57,144.57,1133.0
145.52,145.52,145.4,145.4,2286.0
145.04,145.5,145.04,145.31,1060.0
143.21,145.04,143.2,145.04,9368.0
145.26,145.5,145.26,145.5,1065.0
145.6167,145.6167,145.6167,145.6167,100.0
145.26,145.26,145.26,145.26,2413.0
145.26,145.26,145.2,145.26,299654.0
144.665,145.34,144.59,145.22,399985.0
144.72,144.72,144.5401,144.665,130900.0
144.82,144.91,144.68,144.71,107868.0
144.74,144.97,144.73,144.8,60328.0
144.91,144.97,144.645,144.73,87546.0
144.64,145.0,144.6,144.89,66476.0
144.81,144.87,144.6,144.62,69496.0
144.9962,145.03,144.64,144.82,57651.0
145.07,145.16,144.8436,144.99,59486.0
145.4,145.44,145.09,145.1,71210.0
145.13,145.44,144.96,145.4,67452.0
144.845,145.2,144.8,145.15,85073.0
144.72,144.89,144.65,144.84,43873.0
144.9362,144.95,144.5855,144.72,56781.0
144.73,144.94,144.665,144.9234,47680.0
144.47,144.78,144.47,144.74,41621.0
144.39,144.61,144.31,144.47,69881.0
144.2,144.48,144.2,144.4373,41540.0
144.01,144.19,143.9401,144.17,49314.0
143.68,144.0,143.66,144.0,48101.0
143.56,143.83,143.45,143.6731,89238.0
143.87,143.9,143.52,143.59,90534.0
144.2,145.0,143.77,143.87,203944.0
144.27,144.52,144.1508,144.17,90249.0
144.74,144.755,144.19,144.25,115307.0
145.0,145.53,144.6939,144.72,212683.0
145.29,145.4,145.29,145.4,1763.0
145.3,145.3,145.3,145.3,200.0
144.84,144.84,144.84,144.84,170.0
144.8,144.8,144.8,144.8,71194.0
144.21,144.85,144.19,144.8,353228.0
144.11,144.255,144.02,144.2104,68052.0
144.05,144.21,144.03,144.11,49864.0
144.075,144.09,143.81,144.05,48258.0
144.09,144.12,143.98,144.04,45531.0
144.2344,144.24,144.08,144.11,43878.0
144.33,144.33,144.1447,144.23,38491.0
144.19,144.3925,144.13,144.32,37775.0
144.09,144.22,143.99,144.19,35393.0
144.11,144.34,144.07,144.075,44887.0
144.16,144.2,144.05,144.13,27847.0
144.07,144.28,144.0201,144.15,31956.0
143.89,144.1,143.83,144.06,36779.0
143.525,143.95,143.515,143.89,37313.0
143.54,143.62,143.4,143.55,47270.0
143.44,143.61,143.1528,143.54,37346.0
143.31,143.58,143.215,143.43,50090.0
143.45,143.4959,143.22,143.3391,48457.0
143.65,143.7199,143.37,143.4,48713.0
143.63,143.76,143.55,143.63,69671.0
142.955,143.6599,142.9,143.58,66041.0
143.31,143.31,142.95,143.0,71735.0
144.06,144.2327,143.26,143.335,75360.0
144.19,144.23,143.61,144.01,70629.0
143.78,144.36,143.74,144.16,84446.0
143.61,143.94,143.25,143.8648,200419.0
143.6,143.91,143.6,143.91,920.0
143.0,143.0,143.0,143.0,251.0
143.26,143.26,143.26,143.26,448.0
143.15,143.15,143.15,143.15,200.0
143.6,143.6,143.6,143.6,101.0
143.5999,143.5999,143.5999,143.5999,173.0
143.6,143.6,143.5,143.5,341.0
143.55,144.09,143.55,143.55,226465.0
143.97,144.01,143.52,143.56,424703.0
143.76,143.97,143.64,143.97,109818.0
143.62,143.98,143.59,143.755,92563.0
143.69,143.865,143.62,143.62,75277.0
143.98,144.07,143.65,143.7,65464.0
143.88,144.12,143.87,143.99,123892.0
143.9,144.04,143.77,143.9,82672.0
144.24,144.36,143.91,143.91,77282.0
144.12,144.35,144.09,144.23,61548.0
144.87,144.89,144.12,144.1659,84747.0
145.15,145.15,144.78,144.87,54304.0
145.03,145.17,144.88,145.12,99902.0
144.87,145.1599,144.85,145.0367,99710.0
145.1375,145.14,144.66,144.8545,50924.0
145.34,145.355,145.07,145.15,85210.0
145.385,145.4,145.28,145.33,89313.0
145.14,145.47,145.14,145.41,144012.0
145.03,145.12,144.82,145.12,126640.0
145.27,145.45,145.03,145.04,114907.0
144.91,145.36,144.89,145.24,103396.0
144.895,145.11,144.88,144.9,99460.0
144.5,145.06,144.44,144.9,137973.0
144.15,144.615,144.15,144.5,146141.0
144.04,144.54,143.91,144.135,148387.0
144.02,144.35,143.9794,144.02,167676.0
144.08,144.08,143.4,144.01,253995.0
144.0,144.0,144.0,144.0,576.0
144.24,144.28,144.24,144.28,743.0
144.0,144.0,144.0,144.0,410.0
144.3,144.3,143.92,144.05,1556.0
144.25,144.25,144.25,144.25,357.0
143.7,143.7,143.7,143.7,150.0
143.65,143.65,143.65,143.65,47517.0
143.74,143.74,143.74,143.74,150.0
143.7,143.75,143.7,143.7,207879.0
143.9,144.04,143.5,143.7,500809.0
143.88,144.06,143.72,143.9,186876.0
144.075,144.12,143.86,143.89,146092.0
144.02,144.25,144.0,144.08,118351.0
144.03,144.11,143.9,144.01,80116.0
143.85,144.11,143.85,144.05,77199.0
143.89,144.03,143.805,143.85,64849.0
143.52,143.95,143.52,143.8807,55443.0
143.41,143.58,143.375,143.505,61272.0
143.57,143.63,143.43,143.455,50550.0
143.55,143.56,143.36,143.53,35689.0
143.36,143.54,143.3,143.52,44600.0
143.3385,143.44,143.22,143.33,47999.0
143.3401,143.44,143.18,143.37,52543.0
143.57,143.685,143.295,143.345,43933.0
143.74,143.77,143.54,143.55,54392.0
143.67,143.96,143.62,143.72,62781.0
143.54,143.77,143.44,143.6616,63489.0
143.53,143.74,143.49,143.51,69455.0
143.44,143.64,143.38,143.515,62538.0
143.14,143.44,143.1062,143.39,71858.0
142.51,143.3,142.51,143.13,83851.0
142.6,142.82,142.32,142.45,151022.0
142.0,142.83,141.97,142.5409,109588.0
141.68,142.24,141.58,141.94,83377.0
142.38,142.95,141.6,141.66,182719.0
142.15,142.27,141.86,142.27,2448.0
142.29,142.36,142.29,142.36,614.0
142.3,142.36,142.1,142.29,2448.0
141.68,142.0,141.68,142.0,1401.0
141.4,141.4,141.4,141.4,278.0
141.41,141.41,141.41,141.41,350.0
141.11,141.11,141.11,141.11,62181.0
141.26,141.35,141.015,141.11,399910.0
141.1,141.34,140.99,141.23,152314.0
141.32,141.35,141.02,141.11,76362.0
141.54,141.555,141.24,141.32,47866.0
141.66,141.85,141.55,141.58,56306.0
141.39,141.83,141.37,141.675,58735.0
141.42,141.64,141.34,141.38,55371.0
141.505,141.7166,141.39,141.4,44980.0
141.47,141.63,141.409,141.48,52538.0
141.45,141.6686,141.38,141.46,39769.0
140.89,141.64,140.83,141.4,60480.0
141.09,141.14,140.88,140.88,31101.0
141.24,141.325,141.12,141.12,37384.0
140.875,141.34,140.875,141.2231,83214.0
141.16,141.32,140.87,140.9,43280.0
140.985,141.35,140.98,141.14,55411.0
140.77,141.14,140.77,140.9914,120282.0
140.36,140.79,140.24,140.75,80803.0
140.58,140.61,140.16,140.34,58287.0
140.56,140.68,140.47,140.57,57744.0
140.8308,140.9,140.49,140.565,62659.0
140.41,140.8188,140.26,140.8,72550.0
140.76,140.82,140.01,140.38,80220.0
140.9,141.0,140.39,140.775,134688.0
141.33,141.33,140.58,140.93,164219.0
142.44,142.498,141.32,141.33,171612.0
142.15,142.45,142.15,142.45,813.0
142.3,142.3,142.3,142.3,205.0
142.4,142.4,142.4,142.4,108.0
142.58,142.58,142.58,142.58,673.0
142.13,142.13,142.13,142.13,184.0
142.6,142.6,142.39,142.6,117148.0
141.72,142.68,141.69,142.57,462058.0
142.08,142.15,141.69,141.73,150059.0
142.28,142.39,141.95,142.08,94621.0
142.21,142.46,142.14,142.26,107901.0
141.87,142.21,141.75,142.21,57444.0
141.6,142.02,141.55,141.87,84446.0
142.31,142.64,141.62,141.65,119420.0
143.0,143.41,142.1,142.295,199295.0
143.3,143.3,142.89,143.02,86950.0
143.22,143.395,143.12,143.3,80498.0
143.37,143.4375,143.15,143.21,80636.0
143.25,143.4199,142.94,143.38,85318.0
143.5,143.5,143.23,143.26,64030.0
143.44,143.615,143.44,143.49,56514.0
143.3226,143.555,143.311,143.42,89630.0
143.145,143.43,143.09,143.3246,140445.0
142.96,143.17,142.88,143.13,97652.0
142.35,142.98,142.35,142.98,93281.0
142.42,142.44,142.15,142.32,146018.0
142.38,142.435,142.235,142.4,130557.0
141.995,142.39,141.98,142.38,96002.0
141.76,142.02,141.39,141.99,155568.0
141.6801,141.8,141.39,141.78,57856.0
142.3,142.48,141.3675,141.72,89226.0
141.96,142.32,141.945,142.31,146762.0
142.07,142.38,141.87,141.97,249781.0
141.9,141.9,141.9,141.9,200.0
142.0,142.0,141.95,141.95,388.0
141.65,141.72,141.65,141.72,386.0
141.9,141.9,141.88,141.88,1978.0
141.88,141.88,141.88,141.88,111.0
141.92,141.92,141.92,141.92,128.0
141.61,141.61,141.61,141.61,119.0
141.55,141.55,141.55,141.55,194111.0
141.31,141.62,141.25,141.52,367831.0
141.23,141.46,141.19,141.34,166511.0
141.43,141.66,141.18,141.23,95480.0
141.15,141.44,141.14,141.42,78969.0
140.955,141.33,140.955,141.17,66553.0
140.81,140.96,140.48,140.94,74699.0
140.92,140.99,140.7,140.82,70808.0
141.12,141.2,140.87,140.91,53705.0
141.05,141.21,140.88,141.11,66589.0
141.13,141.2,140.99,141.065,69466.0
140.89,141.1999,140.78,141.15,72103.0
140.99,141.085,140.89,140.89,47564.0
140.88,141.06,140.66,141.01,59712.0
140.9304,141.22,140.8638,140.93,54892.0
141.155,141.155,140.71,140.93,73996.0
140.64,141.17,140.64,141.17,141429.0
140.73,140.815,140.5,140.64,77296.0
140.88,140.89,140.57,140.75,101602.0
140.81,141.01,140.77,140.895,99903.0
141.47,141.68,140.81,140.83,83834.0
141.52,141.57,141.17,141.46,78881.0
141.15,141.555,140.98,141.48,81264.0
141.18,141.23,140.75,141.17,91597.0
141.06,141.5,141.055,141.19,81629.0
141.54,141.56,140.93,141.03,152826.0
141.1,141.9,140.63,141.52,262418.0
141.26,141.26,140.89,141.1,4470.0
141.26,141.26,141.26,141.26,100.0
141.25,141.25,141.25,141.25,518.0
141.25,141.25,141.25,141.25,268.0
141.75,141.75,141.75,141.75,200.0
141.53,141.68,141.53,141.68,340.0
141.4999,141.4999,141.4999,141.4999,300.0
140.89,140.89,140.89,140.89,300.0
140.9,140.9,140.89,140.89,1764.0
140.89,141.2,140.89,140.89,140004.0
140.395,140.9,140.395,140.89,408546.0
139.935,140.465,139.92,140.42,109205.0
139.94,140.13,139.87,139.94,87096.0
139.47,139.97,139.46,139.93,92221.0
139.68,139.72,139.45,139.46,94069.0
139.82,139.9,139.675,139.69,54255.0
139.83,139.8616,139.7,139.83,48222.0
139.93,140.0,139.79,139.85,52473.0
139.9261,139.965,139.85,139.92,48655.0
139.84,140.06,139.81,139.93,66610.0
140.26,140.26,139.525,139.84,97003.0
140.35,140.405,140.23,140.275,43344.0
140.48,140.495,140.2,140.32,45766.0
140.47,140.54,140.39,140.44,42488.0
140.37,140.515,140.37,140.45,36728.0
140.44,140.55,140.32,140.35,86398.0
140.31,140.475,140.205,140.43,62579.0
140.1,140.505,140.07,140.3,64762.0
140.19,140.2,139.98,140.09,78412.0
140.28,140.3,140.09,140.175,51806.0
140.4723,140.68,140.26,140.285,50241.0
140.64,140.68,140.47,140.47,59213.0
140.485,140.75,140.37,140.63,68337.0
140.4,140.53,140.22,140.47,105260.0
140.675,140.715,140.23,140.43,74853.0
140.54,140.8299,140.0771,140.71,109593.0
140.55,140.75,140.55,140.75,1504.0
140.74,140.74,140.67,140.68,1118.0
140.74,140.78,140.74,140.78,639.0
141.0,141.0,141.0,141.0,400.0
141.0,141.0,141.0,141.0,500.0
141.02,141.05,141.02,141.05,700.0
141.05,141.06,141.05,141.06,987.0
141.2,141.24,141.06,141.06,1202.0
141.06,141.06,141.06,141.06,11345.0
141.06,141.06,141.06,141.06,44858.0
141.14,141.3152,140.9,141.03,421730.0
141.11,141.1612,140.98,141.151,87470.0
141.07,141.18,141.0,141.1,82147.0
141.29,141.42,141.1,141.1,56021.0
141.47,141.48,141.25,141.3084,53824.0
141.28,141.52,141.26,141.48,37716.0
141.35,141.47,141.25,141.275,46903.0
141.47,141.63,141.345,141.36,48534.0
141.45,141.46,141.31,141.45,47439.0
141.41,141.478,141.29,141.44,56679.0
141.27,141.455,141.19,141.44,41037.0
141.54,141.54,141.225,141.2866,41346.0
141.4,141.5827,141.325,141.55,62891.0
141.52,141.52,141.28,141.37,56090.0
141.59,141.66,141.49,141.51,40345.0
141.77,141.83,141.52,141.61,53549.0
141.475,141.8,141.46,141.76,57797.0
141.34,141.55,141.34,141.46,55151.0
141.24,141.441,141.215,141.335,57985.0
141.68,141.71,141.17,141.25,60094.0
141.5802,141.78,141.51,141.67,61307.0
141.9198,142.01,141.61,141.62,70918.0
141.85,142.26,141.82,141.9038,89567.0
142.06,142.09,141.81,141.9,54176.0
141.72,142.05,141.58,142.05,67149.0
140.58,141.86,140.45,141.6809,111718.0
140.53,140.53,140.53,140.53,329.0
140.5,140.5,140.5,140.5,1603.0
140.02,140.02,140.02,140.02,107.0
140.3,140.3,140.3,140.3,100.0
140.1,140.1,140.1,140.1,100.0
140.02,140.02,140.02,140.02,11345.0
140.28,140.3,140.01,140.01,1297.0
140.02,140.02,140.01,140.01,11459.0
139.49,139.49,139.49,139.49,118.0
140.02,140.02,140.02,140.02,138541.0
139.99,140.265,139.95,140.0,338956.0
140.24,141.9697,139.99,140.0041,140073.0
140.23,140.43,140.2,140.241,64080.0
140.56,140.6,140.24,140.24,62850.0
140.77,140.81,140.4973,140.565,79926.0
140.49,140.765,140.435,140.765,58420.0
140.5,140.585,140.37,140.49,59046.0
140.69,140.77,140.44,140.54,55654.0
140.87,140.95,140.68,140.7,37901.0
141.0215,141.0341,140.8,140.85,34202.0
141.025,141.12,140.9,141.032,40103.0
140.9206,141.25,140.9206,141.03,42306.0
140.765,141.07,140.755,140.96,48688.0
140.72,140.91,140.69,140.78,47224.0
140.68,140.73,140.55,140.7212,56946.0
140.94,141.0,140.67,140.68,61881.0
141.27,141.27,140.9,140.97,59109.0
141.495,141.495,141.015,141.285,64892.0
141.44,141.57,141.299,141.47,65520.0
141.61,141.71,141.34,141.41,77247.0
141.94,142.1,141.61,141.625,50152.0
141.94,142.15,141.82,141.971,90572.0
142.4,142.485,141.89,141.93,85623.0
142.26,142.52,142.22,142.412,83101.0
142.45,142.65,142.06,142.26,62967.0
142.4,142.81,142.29,142.45,110122.0
142.43,142.43,142.43,142.43,129.0
142.4394,142.4394,142.4394,142.4394,200.0
141.87,141.87,141.87,141.87,423.0
142.66,142.68,142.66,142.68,647.0
142.34,142.34,142.34,142.34,164.0
142.25,142.25,142.25,142.25,101.0
142.42,142.42,142.42,142.42,136862.0
142.37,142.47,142.16,142.42,270691.0
142.44,142.53,142.375,142.375,85087.0
142.355,142.425,142.29,142.42,54406.0
142.25,142.37,142.0959,142.34,78486.0
142.1,142.28,142.08,142.22,47901.0
142.0799,142.15,141.9822,142.09,54603.0
142.4,142.4,142.045,142.09,50993.0
142.49,142.62,142.39,142.42,37033.0
142.625,142.71,142.475,142.53,79105.0
142.475,142.645,142.3219,142.62,56309.0
142.53,142.63,142.445,142.5,202801.0
142.4,142.59,142.34,142.52,43112.0
142.21,142.395,142.0493,142.395,41939.0
142.18,142.31,142.15,142.2209,34419.0
142.51,142.54,142.18,142.2,44516.0
142.48,142.5797,142.315,142.51,44362.0
142.66,142.72,142.43,142.465,66983.0
142.31,142.65,142.265,142.65,57485.0
142.24,142.38,141.99,142.35,54769.0
141.97,142.31,141.965,142.24,50621.0
142.0601,142.225,141.95,141.99,54551.0
142.26,142.2926,141.965,142.07,45182.0
141.9599,142.47,141.823,142.23,77642.0
141.46,141.9477,141.23,141.9477,69944.0
141.85,141.85,141.38,141.52,86203.0
141.73,141.96,141.39,141.88,104534.0
141.74,141.74,141.74,141.74,200.0
142.24,142.24,142.24,142.24,100.0
141.65,141.65,141.65,141.65,6326.0
141.65,141.65,141.65,141.65,66051.0
141.47,141.67,141.39,141.66,266969.0
141.51,141.56,141.285,141.48,88346.0
141.59,141.76,141.46,141.5,58238.0
141.65,141.8565,141.5104,141.58,67018.0
141.53,141.66,141.39,141.655,53039.0
141.33,141.57,141.33,141.54,54536.0
141.23,141.38,141.18,141.35,39452.0
141.1,141.247,141.01,141.22,33058.0
141.13,141.19,140.91,141.13,41082.0
141.245,141.3,141.14,141.14,25657.0
140.95,141.22,140.94,141.2,33582.0
140.89,141.1395,140.89,140.94,31016.0
140.82,140.91,140.722,140.87,35287.0
140.9207,141.06,140.75,140.83,33694.0
140.8,141.1672,140.74,140.94,59228.0
140.81,140.94,140.62,140.8,60980.0
140.64,140.8471,140.57,140.84,46802.0
140.695,140.96,140.54,140.67,60335.0
140.7,140.88,140.64,140.66,48837.0
141.09,141.12,140.65,140.73,53613.0
140.81,141.16,140.77,141.1199,54413.0
140.725,141.01,140.67,140.78,57412.0
140.12,140.81,140.08,140.72,59435.0
139.88,140.58,139.81,140.13,85782.0
140.51,140.5395,139.6,139.835,109122.0
140.59,140.935,139.97,140.5,155833.0
140.89,140.89,140.88,140.88,683.0
140.67,140.67,140.67,140.67,500.0
140.52,140.75,140.47,140.75,4019.0
140.99,140.99,140.99,140.99,300.0
140.88,140.88,140.88,140.88,93858.0
140.213,140.94,140.18,140.89,318024.0
140.44,140.49,140.15,140.26,136901.0
139.9,140.43,139.865,140.42,165688.0
139.96,140.25,139.83,139.89,113514.0
139.5,139.99,139.5,139.97,56887.0
139.61,139.8199,139.39,139.48,58564.0
139.53,139.68,139.2901,139.63,55198.0
139.305,139.57,139.27,139.54,69035.0
139.07,139.35,139.07,139.26,74041.0
138.86,139.08,138.62,139.08,67438.0
139.06,139.06,138.75,138.885,58669.0
139.41,139.41,138.9,139.075,71428.0
139.2691,139.5,139.24,139.42,69354.0
139.59,139.7019,139.17,139.2698,60884.0
140.0724,140.23,139.565,139.6,76960.0
140.15,140.4,140.08,140.11,94446.0
139.6934,140.14,139.68,140.14,81079.0
139.62,139.87,139.49,139.693,110336.0
139.62,139.7,139.51,139.6283,73048.0
139.83,139.83,139.48,139.6284,60207.0
140.0675,140.245,139.85,139.85,68073.0
139.68,140.1,139.58,140.0368,90834.0
139.48,139.9,139.38,139.72,95517.0
139.56,139.57,139.17,139.45,141813.0
140.44,140.47,139.42,139.56,182527.0
140.95,141.44,140.0253,140.46,241622.0
141.92,141.92,141.0,141.0,1760.0
141.06,141.06,141.06,141.06,100.0
141.97,141.97,141.97,141.97,215.0
142.14,142.14,142.14,142.14,550.0
142.2,142.2,142.2,142.2,227.0
142.3,142.3,142.3,142.3,236.0
142.14,142.14,142.14,142.14,6487.0
142.14,142.14,142.14,142.14,83597.0
142.34,142.345,141.85,142.14,461647.0
142.33,142.51,142.24,142.33,164734.0
142.645,142.67,142.29,142.32,90793.0
142.7,142.815,142.32,142.63,111764.0
142.7,142.745,142.61,142.7118,90334.0
142.74,142.82,142.5456,142.71,64379.0
143.04,143.075,142.74,142.7479,71707.0
142.52,143.09,142.52,143.025,138382.0
142.23,142.53,142.23,142.5081,454805.0
141.97,142.195,141.97,142.195,37170.0
142.24,142.24,141.78,141.96,63753.0
142.2655,142.44,142.17,142.24,66108.0
142.03,142.27,141.86,142.27,64799.0
141.87,142.04,141.86,142.03,35820.0
142.07,142.115,141.77,141.84,64702.0
141.98,142.18,141.871,142.04,64337.0
142.66,142.66,141.975,142.0,125849.0
142.415,142.72,142.415,142.668,84826.0
142.585,142.61,142.33,142.4,59203.0
142.31,142.704,142.31,142.59,70260.0
142.465,142.49,142.08,142.295,99672.0
142.21,142.565,142.05,142.47,84466.0
141.7762,142.31,141.755,142.1801,108409.0
141.11,142.03,141.01,141.765,147575.0
141.47,141.71,140.975,141.11,161775.0
141.84,142.115,141.51,141.52,179126.0
141.9999,141.9999,141.76,141.76,837.0
142.24,142.24,142.11,142.11,334.0
142.3161,142.3161,142.3161,142.3161,215.0
142.01,142.1599,141.92,142.1599,526.0
141.4,141.69,141.4,141.69,274.0
141.12,141.12,141.12,141.12,1174.0
141.28,141.28,141.28,141.28,2200.0
141.25,141.25,141.25,141.25,100.0
141.28,141.28,141.25,141.28,317869.0
141.39,141.405,141.1,141.27,597727.0
140.98,141.425,140.96,141.395,206537.0
140.88,141.04,140.66,140.98,135256.0
140.97,140.97,140.64,140.89,147324.0
140.9,141.19,140.9,140.97,116007.0
140.88,141.07,140.72,140.895,123965.0
140.97,141.05,140.8,140.9,82307.0
140.706,141.01,140.61,140.97,79505.0
141.08,141.09,140.67,140.69,63332.0
140.9269,141.12,140.91,141.07,81592.0
140.67,140.91,140.49,140.88,93525.0
140.7601,140.825,140.565,140.66,64267.0
140.475,140.77,140.435,140.755,71425.0
140.34,140.54,140.26,140.479,61570.0
140.24,140.51,140.195,140.35,70334.0
140.21,140.44,140.1604,140.24,61590.0
140.05,140.4,139.95,140.19,108578.0
139.22,140.03,139.21,140.03,146831.0
140.06,140.07,139.19,139.19,90900.0
139.82,140.19,139.77,140.07,788726.0
139.93,140.015,139.78,139.83,129223.0
139.68,139.93,139.425,139.93,102941.0
139.83,140.05,139.61,139.66,176942.0
139.28,139.91,139.28,139.83,182171.0
138.585,139.33,138.44,139.27,127465.0
138.84,139.14,138.34,138.57,252531.0
138.81,138.81,138.81,138.81,249.0
138.7,138.7,138.7,138.7,436.0
138.48,138.48,138.48,138.48,2025.0
138.88,138.88,138.88,138.88,105.0
138.84,138.84,138.56,138.56,1167.0
138.79,138.81,138.79,138.81,695.0
138.55,138.55,138.55,138.55,300.0
138.63,138.63,138.59,138.59,3092.0
138.75,138.75,138.6002,138.6002,1017.0
138.87,138.87,138.81,138.81,12428.0
138.87,138.87,138.81,138.81,208020.0
138.24,138.89,138.24,138.83,723986.0
137.8,138.27,137.78,138.25,577632.0
137.535,137.905,137.535,137.81,129770.0
137.42,137.72,137.275,137.53,156378.0
137.5,137.595,137.27,137.44,97183.0
137.46,137.58,137.38,137.48,71805.0
137.71,137.795,137.43,137.45,80453.0
137.51,137.7361,137.35,137.72,99556.0
137.21,137.536,137.21,137.52,101665.0
137.6,137.69,137.195,137.2073,138007.0
137.86,137.89,137.56,137.62,113868.0
138.095,138.235,137.72,137.86,96813.0
138.045,138.27,137.995,138.095,130481.0
137.98,138.17,137.83,138.065,105705.0
138.11,138.23,137.87,137.96,110008.0
137.945,138.155,137.85,138.105,102372.0
137.83,137.98,137.805,137.93,131355.0
138.2,138.335,137.53,137.829,216980.0
138.31,138.64,138.11,138.21,141768.0
138.9,138.92,138.3037,138.3037,145596.0
138.9404,139.04,138.64,138.88,178666.0
139.65,139.65,138.9,138.9456,92663.0
139.57,139.99,139.52,139.66,72237.0
139.755,139.79,139.45,139.59,93306.0
140.33,140.44,139.63,139.75,133104.0
140.16,140.43,139.75,140.35,268890.0
140.6,140.6,140.6,140.6,111.0
140.36,140.36,140.36,140.36,400.0
140.88,140.88,140.65,140.65,522.0
140.06,140.06,140.06,140.06,155.0
140.16,140.16,140.16,140.16,1499.0
139.99,140.16,139.99,140.16,2709.0
139.8811,139.8811,139.8811,139.8811,362.0
139.88,139.88,139.88,139.88,871.0
139.96,140.16,139.96,140.0,1255.0
140.16,140.16,139.8,140.16,477106.0
140.07,140.3,139.9,140.06,732801.0
140.07,140.33,140.04,140.08,248677.0
139.91,140.19,139.87,140.06,236329.0
139.94,140.13,139.645,139.91,175629.0
139.34,140.0,139.34,139.944,130820.0
139.31,139.415,139.25,139.34,181210.0
139.425,139.59,139.29,139.32,105657.0
139.21,139.47,139.12,139.43,81090.0
139.1443,139.36,139.1443,139.21,142166.0
139.135,139.3399,139.08,139.155,77798.0
139.28,139.52,139.12,139.14,98163.0
139.04,139.27,138.97,139.27,117042.0
139.195,139.4034,139.03,139.045,60512.0
139.22,139.47,139.085,139.19,100059.0
139.22,139.24,139.04,139.225,118668.0
139.31,139.4685,139.065,139.23,106918.0
139.22,139.54,139.02,139.31,121161.0
139.6897,139.855,139.12,139.2,151447.0
139.95,140.015,139.56,139.69,130782.0
139.9441,140.08,139.63,139.88,163660.0
139.86,139.96,139.48,139.93,150193.0
139.86,140.0367,139.41,139.88,211816.0
139.99,140.53,139.84,139.9,240653.0
141.245,141.29,139.92,140.0223,306832.0
141.52,141.8,141.11,141.245,127173.0
141.25,141.915,140.86,141.47,1161034.0
141.0,141.24,140.91,141.23,3097.0
141.82,141.82,141.23,141.23,2762.0
141.23,141.23,141.23,141.23,501.0
141.3,141.3,141.3,141.3,515.0
142.02,142.02,142.0,142.0,306.0
141.6122,141.6122,141.6122,141.6122,1006.0
141.8,141.8,141.8,141.8,285.0
141.56,141.95,141.56,141.95,1217.0
141.49,141.49,141.49,141.49,300.0
142.01,142.01,142.01,142.01,552.0
142.31,142.31,142.31,142.31,193.0
142.36,142.36,142.36,142.36,510.0
142.36,142.36,142.36,142.36,10171.0
142.36,142.36,142.36,142.36,250751.0
141.75,142.37,141.75,142.37,765356.0
142.71,142.72,141.765,141.765,333622.0
142.72,142.795,142.26,142.7039,256401.0
142.51,143.015,142.51,142.69,159179.0
142.6245,142.71,142.19,142.5399,125207.0
141.72,142.65,141.62,142.625,249861.0
142.14,142.43,141.58,141.7,313650.0
142.36,142.73,142.07,142.125,162679.0
142.3975,142.42,141.83,142.36,334468.0
142.57,142.63,142.32,142.4112,104281.0
142.63,142.915,142.47,142.6,181692.0
143.04,143.3,142.55,142.645,186651.0
143.74,143.77,142.86,143.03,172372.0
144.0698,144.36,143.7,143.74,184209.0
144.22,144.335,143.96,144.05,133048.0
144.34,144.615,144.15,144.195,185349.0
144.7,144.7845,144.2,144.32,220247.0
145.36,145.38,144.59,144.67,175434.0
145.81,145.925,145.3,145.3193,143517.0
146.1002,146.18,145.81,145.83,104450.0
146.15,146.25,145.8,146.1097,118849.0
145.76,146.26,145.555,146.17,128630.0
146.06,146.28,145.78,145.78,215512.0
146.745,146.83,145.77,146.1,244326.0
147.36,147.43,146.63,146.78,172568.0
148.52,148.98,147.28,147.37,230931.0
148.59,148.59,148.25,148.25,1213.0
150.08,150.08,150.08,150.08,250.0
149.001,149.001,149.0,149.0,203.0
149.3582,149.4,149.1,149.1,555.0
149.2,149.2,149.2,149.2,200.0
149.87,149.87,149.87,149.87,103.0
150.0,150.0,150.0,150.0,600.0
150.0,150.0,150.0,150.0,600.0
150.0,150.0,150.0,150.0,905.0
149.86,149.86,149.86,149.86,169414.0
149.85,150.22,149.61,149.83,413605.0
149.39,149.875,149.12,149.875,175235.0
150.35,150.37,149.43,149.472,109223.0
149.44,150.7183,149.3,150.43,133843.0
149.35,149.51,148.72,149.41,129040.0
149.66,149.78,148.45,149.31,208453.0
149.77,149.91,149.565,149.73,112537.0
150.93,150.93,149.31,149.75,221442.0
151.37,151.37,150.9479,150.99,120680.0
151.2,151.5,151.2,151.3979,76629.0
151.265,151.32,151.15,151.19,59840.0
151.12,151.4,151.09,151.265,68436.0
151.29,151.305,151.08,151.09,54802.0
151.089,151.34,151.0,151.308,77087.0
151.22,151.27,151.06,151.1,77974.0
151.17,151.22,150.95,151.22,66579.0
151.32,151.36,151.03,151.16,69150.0
151.235,151.35,151.09,151.33,76477.0
151.12,151.27,150.92,151.23,75220.0
151.235,151.4699,150.96,151.12,91511.0
151.49,151.4975,151.09,151.24,87679.0
151.86,151.86,151.39,151.49,96975.0
151.7,151.91,151.65,151.86,64511.0
151.18,151.73,151.14,151.69,85687.0
150.38,151.23,150.36,151.16,111028.0
150.47,150.54,149.67,150.36,177733.0
150.4,150.4,150.15,150.15,957.0
150.65,150.65,150.5,150.5,804.0
150.5,150.5,150.5,150.5,100.0
150.57,150.57,150.57,150.57,381.0
150.6,150.6,150.6,150.6,525.0
150.3,150.3,150.3,150.3,100.0
150.3,150.3,150.3,150.3,105.0
150.32,150.32,150.32,150.32,225.0
150.87,150.87,150.87,150.87,475.0
151.1749,151.1749,151.1749,151.1749,100.0
150.57,150.57,150.0351,150.0351,245675.0
151.16,151.34,150.51,150.6,786792.0
150.88,151.24,150.79,151.155,359879.0
150.235,150.9109,150.19,150.88,165832.0
150.53,150.53,150.05,150.235,147541.0
151.11,151.11,150.51,150.55,110494.0
150.64,151.16,150.38,151.11,120768.0
150.3,150.68,150.28,150.635,167035.0
150.4784,150.6,150.215,150.31,85994.0
150.58,150.6,150.25,150.49,104673.0
150.63,150.76,150.39,150.575,83737.0
150.32,150.73,150.21,150.61,123515.0
150.25,150.46,150.21,150.31,113759.0
150.41,150.57,150.03,150.255,138298.0
150.17,150.37,149.95,150.345,136171.0
150.96,150.98,150.15,150.195,278014.0
151.75,151.835,150.83,150.97,143262.0
151.96,152.03,151.55,151.745,332684.0
151.88,152.23,151.88,151.99,229607.0
152.14,152.2895,151.68,151.87,209515.0
151.97,152.16,151.7907,152.15,195127.0
152.3992,152.5899,151.77,151.955,258659.0
151.6,152.3993,151.5885,152.37,387819.0
151.678,151.75,150.84,151.57,460603.0
152.62,152.69,151.65,151.7,292777.0
152.95,153.21,152.15,152.59,452942.0
150.37,153.01,150.3,152.94,902496.0
151.34,151.39,150.3,150.3,12489.0
151.0,151.38,150.95,151.38,5976.0
151.4,151.4,150.83,150.95,12100.0
150.0,151.21,149.21,151.0,216225.0
149.9,149.9,149.9,149.9,316.0
149.4,149.84,149.4,149.8,736.0
149.73,149.73,149.73,149.73,301.0
149.41,149.41,149.41,149.41,514.0
148.9,148.9,148.9,148.9,250.0
148.98,149.0,148.98,149.0,462.0
148.8,148.8,148.75,148.76,3788.0
149.02,149.02,149.0,149.0,513.0
149.0,149.0,149.0,149.0,1609.0
149.0101,149.0101,149.01,149.01,600.0
149.03,149.03,149.0,149.0,405.0
149.21,149.21,148.1005,149.21,138814.0
148.78,149.21,148.76,149.19,492592.0
148.75,148.95,148.75,148.78,198811.0
148.32,148.82,148.32,148.745,141076.0
148.15,148.4499,148.14,148.32,89743.0
147.86,148.17,147.84,148.14,67942.0
147.715,147.86,147.6,147.85,81243.0
147.7,147.79,147.57,147.725,217174.0
147.9,147.9268,147.66,147.71,88694.0
147.815,148.05,147.805,147.898,80559.0
147.8,147.8785,147.73,147.82,58036.0
147.72,147.84,147.7084,147.78,56129.0
147.8,147.87,147.65,147.725,62909.0
147.63,147.83,147.57,147.8047,67593.0
147.501,147.75,147.44,147.63,55887.0
147.43,147.62,147.4,147.5,56665.0
147.5,147.61,147.4448,147.46,59418.0
147.35,147.55,147.34,147.49,62085.0
147.53,147.53,147.27,147.35,56478.0
147.66,147.76,147.51,147.535,68435.0
147.39,147.71,147.2319,147.645,101658.0
147.39,147.52,147.17,147.42,83434.0
147.27,147.43,147.17,147.42,111900.0
147.255,147.45,147.04,147.24,108722.0
147.215,147.47,146.9426,147.23,101126.0
147.31,147.425,146.96,147.185,110081.0
147.82,148.28,147.23,147.335,399594.0
147.64,147.98,147.63,147.81,6597.0
147.36,147.56,147.35,147.56,20765.0
147.12,147.24,147.09,147.24,26004.0
147.0,147.06,147.0,147.06,10257.0
147.02,147.02,147.0,147.0,1451.0
147.25,147.25,147.24,147.25,893.0
147.08,147.1,147.08,147.1,1528.0
